cruise2/ctd/proc/eightv0.cnv
* Sea-Bird SBE 9 Data File:
* FileName = C:\Users\Tech\Documents\DataFiles\SBE 9\eight.hex
* Software Version Seasave V 7.26.7.107
* Temperature SN = 2735
* Conductivity SN = 2257
* Number of Bytes Per Scan = 44
* Number of Voltage Words = 4
* Number of Scans Averaged by the Deck Unit = 1
* NMEA Latitude = 40 27.19 N
* NMEA Longitude = 071 00.31 W
* NMEA UTC (Time) = Oct 11 2022  23:42:17
* NMEA baud rate = 4800
# nquan = 12
# nvalues = 20219                                 
# units = specified
# name 0 = sigma-t00: Density [sigma-t, kg/m^3 ]
# name 1 = depSM: Depth [salt water, m]
# name 2 = latitude: Latitude [deg]
# name 3 = longitude: Longitude [deg]
# name 4 = sbeox0Mm/L: Oxygen, SBE 43 [umol/l]
# name 5 = sbeox0Mg/L: Oxygen, SBE 43 [mg/l]
# name 6 = ph: pH
# name 7 = t090C: Temperature [ITS-90, deg C]
# name 8 = sal00: Salinity, Practical [PSU]
# name 9 = nbf: Bottles Fired
# name 10 = prDE: Pressure, Digiquartz [psi]
# name 11 = flag:  0.000e+00
# span 0 =    24.0924,    25.4795                 
# span 1 =     -0.768,     76.904                 
# span 2 =   40.45312,   40.45328                 
# span 3 =  -71.00520,  -71.00280                 
# span 4 =    182.051,    255.115                 
# span 5 =     5.8255,     8.1636                 
# span 6 =      7.901,      8.190                 
# span 7 =    11.5520,    17.5217                 
# span 8 =    33.1326,    33.4719                 
# span 9 =          0,         11                 
# span 10 =     -1.123,    112.427                
# span 11 = 0.0000e+00, 0.0000e+00                
# interval = seconds: 0.0416667
# start_time = Oct 11 2022 23:42:20 [System UTC, header]
# bad_flag = -9.990e-29
*END*
[from data line 7339]
    25.4730     76.427   40.45312  -71.00436    185.679     5.9416      7.915    11.5825    33.4627          4    111.730  0.000e+00
    25.4735     76.434   40.45312  -71.00436    185.490     5.9356      7.915    11.5822    33.4633          4    111.739  0.000e+00
    25.4737     76.479   40.45312  -71.00436    185.584     5.9386      7.915    11.5821    33.4635          4    111.805  0.000e+00
    25.4737     76.427   40.45312  -71.00436    185.413     5.9331      7.915    11.5819    33.4635          4    111.730  0.000e+00
    25.4734     76.479   40.45312  -71.00436    185.376     5.9320      7.919    11.5823    33.4633          4    111.805  0.000e+00
    25.4735     76.517   40.45312  -71.00436    185.191     5.9260      7.919    11.5823    33.4634          4    111.861  0.000e+00
    25.4734     76.479   40.45312  -71.00436    185.291     5.9292      7.915    11.5820    33.4631          4    111.805  0.000e+00
    25.4734     76.530   40.45312  -71.00436    185.109     5.9234      7.915    11.5823    33.4632          4    111.880  0.000e+00
    25.4736     76.517   40.45312  -71.00436    185.061     5.9219      7.915    11.5823    33.4635          4    111.861  0.000e+00
    25.4734     76.575   40.45312  -71.00436    184.886     5.9163      7.915    11.5823    33.4632          4    111.946  0.000e+00
    25.4736     76.530   40.45312  -71.00436    184.996     5.9198      7.915    11.5820    33.4635          4    111.880  0.000e+00
    25.4733     76.569   40.45312  -71.00436    185.108     5.9234      7.915    11.5823    33.4631          4    111.937  0.000e+00
    25.4735     76.620   40.45312  -71.00436    185.092     5.9229      7.915    11.5819    33.4633          4    112.012  0.000e+00
    25.4735     76.575   40.45312  -71.00436    184.923     5.9174      7.915    11.5821    33.4634          4    111.946  0.000e+00
    25.4734     76.614   40.45312  -71.00436    184.891     5.9164      7.910    11.5821    33.4632          4    112.002  0.000e+00
    25.4731     76.672   40.45312  -71.00436    184.862     5.9155      7.915    11.5822    33.4628          4    112.087  0.000e+00
    25.4734     76.672   40.45312  -71.00436    184.834     5.9146      7.915    11.5819    33.4632          4    112.087  0.000e+00
    25.4734     76.659   40.45312  -71.00436    184.826     5.9144      7.915    11.5821    33.4631          4    112.068  0.000e+00
    25.4732     76.672   40.45312  -71.00436    184.804     5.9137      7.915    11.5819    33.4629          4    112.087  0.000e+00
    25.4733     76.717   40.45312  -71.00436    184.935     5.9178      7.915    11.5820    33.4631          4    112.153  0.000e+00
    25.4733     76.710   40.45312  -71.00436    184.952     5.9184      7.915    11.5821    33.4631          4    112.143  0.000e+00
    25.4733     76.717   40.45312  -71.00436    184.954     5.9184      7.915    11.5821    33.4631          4    112.153  0.000e+00
    25.4731     76.755   40.45312  -71.00436    184.978     5.9192      7.915    11.5821    33.4628          4    112.209  0.000e+00
    25.4733     76.761   40.45312  -71.00436    184.982     5.9193      7.915    11.5823    33.4631          4    112.218  0.000e+00
    25.4735     76.761   40.45312  -71.00436    184.990     5.9196      7.915    11.5820    33.4632          4    112.218  0.000e+00
    25.4733     76.755   40.45312  -71.00436    184.998     5.9199      7.915    11.5821    33.4631          4    112.209  0.000e+00
    25.4735     76.813   40.45312  -71.00436    185.010     5.9202      7.915    11.5819    33.4632          4    112.293  0.000e+00
    25.4733     76.761   40.45312  -71.00436    185.020     5.9205      7.915    11.5821    33.4631          4    112.218  0.000e+00
    25.4732     76.800   40.45312  -71.00436    185.034     5.9210      7.915    11.5822    33.4629          4    112.275  0.000e+00
    25.4732     76.813   40.45312  -71.00436    185.049     5.9215      7.915    11.5819    33.4629          4    112.293  0.000e+00
    25.4734     76.813   40.45312  -71.00436    184.915     5.9172      7.915    11.5819    33.4631          4    112.293  0.000e+00
    25.4737     76.800   40.45312  -71.00436    184.913     5.9171      7.915    11.5821    33.4635          4    112.275  0.000e+00
    25.4736     76.813   40.45312  -71.00436    185.066     5.9220      7.910    11.5821    33.4635          4    112.293  0.000e+00
    25.4734     76.813   40.45312  -71.00436    185.089     5.9228      7.915    11.5820    33.4632          4    112.293  0.000e+00
    25.4731     76.800   40.45312  -71.00436    185.113     5.9235      7.915    11.5821    33.4628          4    112.275  0.000e+00
    25.4731     76.813   40.45312  -71.00436    185.139     5.9243      7.915    11.5821    33.4627          4    112.293  0.000e+00
    25.4734     76.800   40.45312  -71.00436    185.164     5.9252      7.915    11.5821    33.4632          4    112.275  0.000e+00
    25.4732     76.813   40.45312  -71.00436    185.193     5.9261      7.919    11.5822    33.4629          4    112.293  0.000e+00
    25.4735     76.761   40.45312  -71.00436    185.071     5.9222      7.915    11.5821    33.4633          4    112.218  0.000e+00
    25.4734     76.800   40.45312  -71.00436    184.936     5.9179      7.915    11.5821    33.4631          4    112.275  0.000e+00
    25.4731     76.761   40.45312  -71.00436    184.934     5.9178      7.915    11.5821    33.4628          4    112.218  0.000e+00
    25.4736     76.813   40.45312  -71.00436    184.936     5.9179      7.915    11.5821    33.4635          4    112.293  0.000e+00
    25.4736     76.755   40.45312  -71.00436    185.089     5.9228      7.915    11.5822    33.4634          4    112.209  0.000e+00
    25.4735     76.761   40.45312  -71.00436    185.116     5.9236      7.910    11.5819    33.4633          4    112.218  0.000e+00
    25.4733     76.761   40.45312  -71.00436    185.143     5.9245      7.915    11.5821    33.4631          4    112.218  0.000e+00
    25.4733     76.755   40.45312  -71.00436    185.174     5.9255      7.915    11.5819    33.4630          4    112.209  0.000e+00
    25.4732     76.761   40.45312  -71.00436    185.205     5.9265      7.915    11.5822    33.4629          4    112.218  0.000e+00
    25.4730     76.672   40.45312  -71.00436    185.257     5.9281      7.915    11.5821    33.4627          4    112.087  0.000e+00
    25.4732     76.755   40.45312  -71.00436    185.296     5.9294      7.915    11.5821    33.4629          4    112.209  0.000e+00
    25.4732     76.717   40.45312  -71.00436    185.315     5.9300      7.915    11.5823    33.4630          4    112.153  0.000e+00
    25.4734     76.659   40.45312  -71.00436    185.318     5.9301      7.915    11.5821    33.4631          4    112.068  0.000e+00
    25.4735     76.717   40.45312  -71.00436    185.491     5.9356      7.915    11.5823    33.4634          4    112.153  0.000e+00
    25.4735     76.672   40.45312  -71.00436    185.514     5.9364      7.915    11.5821    33.4633          4    112.087  0.000e+00
    25.4732     76.659   40.45312  -71.00436    185.536     5.9371      7.910    11.5823    33.4630          4    112.068  0.000e+00
    25.4730     76.620   40.45312  -71.00436    185.690     5.9420      7.919    11.5823    33.4627          4    112.012  0.000e+00
    25.4733     76.620   40.45312  -71.00436    185.729     5.9433      7.919    11.5823    33.4631          4    112.012  0.000e+00
    25.4733     76.614   40.45312  -71.00436    185.599     5.9391      7.915    11.5823    33.4631          4    112.002  0.000e+00
    25.4733     76.620   40.45312  -71.00436    185.751     5.9439      7.915    11.5821    33.4630          4    112.012  0.000e+00
    25.4730     76.575   40.45312  -71.00436    185.598     5.9391      7.915    11.5821    33.4626          4    111.946  0.000e+00
    25.4730     76.569   40.45312  -71.00436    185.596     5.9390      7.915    11.5821    33.4627          4    111.937  0.000e+00
    25.4730     76.575   40.45312  -71.00436    185.762     5.9443      7.915    11.5823    33.4627          4    111.946  0.000e+00
    25.4731     76.575   40.45312  -71.00436    185.796     5.9454      7.919    11.5821    33.4628          4    111.946  0.000e+00
    25.4731     76.517   40.45312  -71.00436    185.808     5.9458      7.919    11.5821    33.4629          4    111.861  0.000e+00
    25.4728     76.530   40.45312  -71.00436    185.821     5.9462      7.915    11.5823    33.4624          4    111.880  0.000e+00
    25.4731     76.517   40.45312  -71.00436    185.982     5.9514      7.919    11.5820    33.4628          4    111.861  0.000e+00
    25.4732     76.530   40.45312  -71.00436    186.008     5.9522      7.919    11.5823    33.4629          4    111.880  0.000e+00
    25.4732     76.479   40.45312  -71.00436    186.032     5.9529      7.919    11.5823    33.4629          4    111.805  0.000e+00
    25.4730     76.472   40.45312  -71.00436    186.054     5.9536      7.915    11.5823    33.4627          4    111.796  0.000e+00
    25.4732     76.479   40.45312  -71.00436    186.093     5.9549      7.915    11.5823    33.4629          4    111.805  0.000e+00
    25.4732     76.434   40.45312  -71.00436    186.130     5.9561      7.915    11.5822    33.4629          4    111.739  0.000e+00
    25.4733     76.472   40.45312  -71.00436    186.167     5.9573      7.915    11.5821    33.4631          4    111.796  0.000e+00
    25.4731     76.434   40.45312  -71.00436    186.200     5.9583      7.915    11.5823    33.4628          4    111.739  0.000e+00
    25.4730     76.434   40.45312  -71.00436    186.232     5.9593      7.915    11.5825    33.4628          4    111.739  0.000e+00
    25.4731     76.427   40.45312  -71.00436    186.264     5.9604      7.915    11.5823    33.4628          4    111.730  0.000e+00
    25.4729     76.434   40.45312  -71.00436    186.143     5.9565      7.915    11.5826    33.4626          4    111.739  0.000e+00
    25.4735     76.434   40.45312  -71.00436    186.305     5.9617      7.915    11.5823    33.4633          4    111.739  0.000e+00
    25.4735     76.427   40.45312  -71.00436    186.332     5.9625      7.915    11.5823    33.4633          4    111.730  0.000e+00
    25.4731     76.389   40.45312  -71.00436    186.357     5.9633      7.924    11.5825    33.4629          4    111.674  0.000e+00
    25.4731     76.434   40.45312  -71.00436    186.383     5.9642      7.919    11.5823    33.4628          4    111.739  0.000e+00
    25.4734     76.427   40.45312  -71.00436    186.387     5.9643      7.919    11.5823    33.4632          4    111.730  0.000e+00
    25.4734     76.389   40.45312  -71.00436    186.387     5.9643      7.915    11.5823    33.4632          4    111.674  0.000e+00
    25.4735     76.389   40.45312  -71.00436    186.405     5.9649      7.915    11.5823    33.4633          4    111.674  0.000e+00
    25.4733     76.427   40.45312  -71.00436    186.423     5.9655      7.915    11.5823    33.4631          4    111.730  0.000e+00
    25.4733     76.389   40.45312  -71.00436    186.437     5.9659      7.915    11.5825    33.4631          4    111.674  0.000e+00
    25.4738     76.338   40.45312  -71.00436    186.450     5.9663      7.915    11.5823    33.4637          4    111.598  0.000e+00
    25.4738     76.517   40.45312  -71.00436    186.617     5.9717      7.915    11.5821    33.4637          4    111.861  0.000e+00
    25.4734     76.389   40.45312  -71.00436    186.642     5.9725      7.915    11.5823    33.4632          4    111.674  0.000e+00
    25.4733     76.427   40.45312  -71.00436    186.500     5.9679      7.915    11.5823    33.4631          4    111.730  0.000e+00
    25.4735     76.389   40.45312  -71.00436    186.465     5.9668      7.915    11.5825    33.4634          4    111.674  0.000e+00
    25.4737     76.434   40.45312  -71.00436    186.430     5.9657      7.915    11.5825    33.4636          4    111.739  0.000e+00
    25.4737     76.427   40.45312  -71.00436    186.391     5.9644      7.915    11.5825    33.4636          4    111.730  0.000e+00
    25.4734     76.434   40.45312  -71.00436    186.369     5.9637      7.910    11.5823    33.4632          4    111.739  0.000e+00
    25.4737     76.434   40.45312  -71.00436    186.343     5.9629      7.915    11.5823    33.4636          4    111.739  0.000e+00
    25.4738     76.472   40.45312  -71.00436    186.316     5.9620      7.915    11.5823    33.4637          4    111.796  0.000e+00
    25.4735     76.389   40.45312  -71.00436    186.284     5.9610      7.915    11.5825    33.4633          4    111.674  0.000e+00
    25.4737     76.479   40.45312  -71.00436    186.105     5.9553      7.915    11.5822    33.4636          4    111.805  0.000e+00
    25.4736     76.472   40.45312  -71.00436    186.052     5.9536      7.915    11.5823    33.4634          4    111.796  0.000e+00
    25.4736     76.434   40.45312  -71.00436    185.998     5.9518      7.915    11.5823    33.4634          4    111.739  0.000e+00
    25.4734     76.479   40.45312  -71.00436    186.093     5.9549      7.915    11.5825    33.4632          4    111.805  0.000e+00
    25.4736     76.472   40.45312  -71.00436    186.055     5.9537      7.915    11.5823    33.4634          4    111.796  0.000e+00
    25.4733     76.479   40.45312  -71.00436    186.033     5.9530      7.915    11.5823    33.4631          4    111.805  0.000e+00
    25.4734     76.479   40.45312  -71.00436    186.009     5.9522      7.915    11.5823    33.4633          4    111.805  0.000e+00
    25.4736     76.472   40.45312  -71.00436    185.833     5.9466      7.915    11.5823    33.4634          4    111.796  0.000e+00
    25.4734     76.530   40.45312  -71.00436    185.809     5.9458      7.915    11.5825    33.4632          4    111.880  0.000e+00
    25.4737     76.479   40.45312  -71.00436    185.782     5.9449      7.915    11.5823    33.4636          4    111.805  0.000e+00
    25.4732     76.517   40.45312  -71.00436    185.889     5.9484      7.915    11.5825    33.4629          4    111.861  0.000e+00
    25.4734     76.530   40.45312  -71.00436    185.731     5.9433      7.915    11.5823    33.4632          4    111.880  0.000e+00
    25.4733     76.569   40.45312  -71.00436    185.837     5.9467      7.915    11.5823    33.4631          4    111.937  0.000e+00
    25.4736     76.530   40.45312  -71.00436    185.656     5.9409      7.915    11.5823    33.4635          4    111.880  0.000e+00
    25.4734     76.530   40.45312  -71.00436    185.626     5.9399      7.915    11.5825    33.4632          4    111.880  0.000e+00
    25.4733     76.569   40.45312  -71.00436    185.598     5.9391      7.915    11.5825    33.4632          4    111.937  0.000e+00
    25.4735     76.575   40.45312  -71.00436    185.570     5.9381      7.915    11.5823    33.4634          4    111.946  0.000e+00
    25.4735     76.575   40.45312  -71.00436    185.540     5.9372      7.915    11.5823    33.4634          4    111.946  0.000e+00
    25.4735     76.569   40.45312  -71.00436    185.529     5.9369      7.915    11.5825    33.4633          4    111.937  0.000e+00
    25.4735     76.575   40.45312  -71.00434    185.520     5.9366      7.915    11.5825    33.4634          4    111.946  0.000e+00
    25.4739     76.575   40.45312  -71.00434    185.362     5.9315      7.915    11.5823    33.4639          4    111.946  0.000e+00
    25.4740     76.569   40.45312  -71.00434    185.336     5.9307      7.915    11.5823    33.4640          4    111.937  0.000e+00
    25.4733     76.620   40.45312  -71.00434    185.313     5.9299      7.915    11.5826    33.4632          4    112.012  0.000e+00
    25.4737     76.620   40.45312  -71.00434    185.443     5.9341      7.915    11.5822    33.4636          4    112.012  0.000e+00
