cruise2/ctd/proc/eightv0.cnv
* Sea-Bird SBE 9 Data File:
* FileName = C:\Users\Tech\Documents\DataFiles\SBE 9\eight.hex
* Software Version Seasave V 7.26.7.107
* Temperature SN = 2735
* Conductivity SN = 2257
* Number of Bytes Per Scan = 44
* Number of Voltage Words = 4
* Number of Scans Averaged by the Deck Unit = 1
* NMEA Latitude = 40 27.19 N
* NMEA Longitude = 071 00.31 W
* NMEA UTC (Time) = Oct 11 2022  23:42:17
* NMEA baud rate = 4800
# nquan = 12
# nvalues = 20219                                 
# units = specified
# name 0 = sigma-t00: Density [sigma-t, kg/m^3 ]
# name 1 = depSM: Depth [salt water, m]
# name 2 = latitude: Latitude [deg]
# name 3 = longitude: Longitude [deg]
# name 4 = sbeox0Mm/L: Oxygen, SBE 43 [umol/l]
# name 5 = sbeox0Mg/L: Oxygen, SBE 43 [mg/l]
# name 6 = ph: pH
# name 7 = t090C: Temperature [ITS-90, deg C]
# name 8 = sal00: Salinity, Practical [PSU]
# name 9 = nbf: Bottles Fired
# name 10 = prDE: Pressure, Digiquartz [psi]
# name 11 = flag:  0.000e+00
# span 0 =    24.0924,    25.4795                 
# span 1 =     -0.768,     76.904                 
# span 2 =   40.45312,   40.45328                 
# span 3 =  -71.00520,  -71.00280                 
# span 4 =    182.051,    255.115                 
# span 5 =     5.8255,     8.1636                 
# span 6 =      7.901,      8.190                 
# span 7 =    11.5520,    17.5217                 
# span 8 =    33.1326,    33.4719                 
# span 9 =          0,         11                 
# span 10 =     -1.123,    112.427                
# span 11 = 0.0000e+00, 0.0000e+00                
# interval = seconds: 0.0416667
# start_time = Oct 11 2022 23:42:20 [System UTC, header]
# bad_flag = -9.990e-29
*END*
[from data line 121]
    24.1004      1.169   40.45316  -71.00518    253.479     8.1112      8.176    17.1268    33.1962          0      1.709  0.000e+00
    24.1006      1.124   40.45316  -71.00518    253.300     8.1055      8.176    17.1265    33.1964          0      1.643  0.000e+00
    24.1004      1.169   40.45316  -71.00518    253.355     8.1073      8.176    17.1265    33.1961          0      1.709  0.000e+00
    24.1003      1.124   40.45316  -71.00518    253.166     8.1012      8.176    17.1261    33.1959          0      1.643  0.000e+00
    24.1004      1.124   40.45316  -71.00518    253.107     8.0993      8.180    17.1256    33.1959          0      1.643  0.000e+00
    24.1001      1.124   40.45316  -71.00518    253.061     8.0978      8.176    17.1254    33.1955          0      1.643  0.000e+00
    24.1001      1.169   40.45316  -71.00518    253.134     8.1002      8.176    17.1251    33.1954          0      1.709  0.000e+00
    24.1004      1.124   40.45316  -71.00518    252.958     8.0945      8.176    17.1251    33.1957          0      1.643  0.000e+00
    24.1004      1.124   40.45316  -71.00518    252.900     8.0927      8.176    17.1251    33.1957          0      1.643  0.000e+00
    24.1003      1.124   40.45316  -71.00518    252.843     8.0909      8.176    17.1253    33.1957          0      1.643  0.000e+00
    24.1006      1.124   40.45316  -71.00518    252.799     8.0895      8.176    17.1254    33.1961          0      1.643  0.000e+00
    24.1010      1.124   40.45316  -71.00518    252.897     8.0926      8.176    17.1256    33.1966          0      1.643  0.000e+00
    24.1006      1.124   40.45316  -71.00518    252.754     8.0880      8.176    17.1259    33.1963          0      1.643  0.000e+00
    24.1008      1.079   40.45316  -71.00518    252.853     8.0912      8.176    17.1263    33.1966          0      1.577  0.000e+00
    24.1007      1.079   40.45316  -71.00518    252.842     8.0908      8.176    17.1265    33.1965          0      1.577  0.000e+00
    24.1005      1.124   40.45316  -71.00518    252.846     8.0909      8.176    17.1268    33.1964          0      1.643  0.000e+00
    24.1004      1.079   40.45316  -71.00518    252.837     8.0907      8.176    17.1268    33.1962          0      1.577  0.000e+00
    24.1003      1.079   40.45316  -71.00518    252.843     8.0909      8.176    17.1270    33.1962          0      1.577  0.000e+00
    24.1004      1.079   40.45316  -71.00518    252.841     8.0908      8.176    17.1268    33.1963          0      1.577  0.000e+00
    24.1002      1.028   40.45316  -71.00518    252.977     8.0951      8.176    17.1270    33.1960          0      1.502  0.000e+00
    24.1004      1.079   40.45316  -71.00518    253.003     8.0960      8.176    17.1270    33.1963          0      1.577  0.000e+00
    24.1000      1.028   40.45316  -71.00518    253.038     8.0971      8.176    17.1275    33.1959          0      1.502  0.000e+00
    24.1000      1.028   40.45316  -71.00518    253.078     8.0984      8.176    17.1277    33.1960          0      1.502  0.000e+00
    24.1004      1.028   40.45316  -71.00518    253.122     8.0998      8.176    17.1273    33.1964          0      1.502  0.000e+00
    24.1003      1.028   40.45316  -71.00518    253.038     8.0971      8.176    17.1275    33.1963          0      1.502  0.000e+00
    24.1003      1.028   40.45316  -71.00518    253.201     8.1023      8.176    17.1275    33.1963          0      1.502  0.000e+00
    24.0999      1.028   40.45316  -71.00518    253.251     8.1039      8.176    17.1277    33.1958          0      1.502  0.000e+00
    24.1004      0.983   40.45316  -71.00518    253.303     8.1056      8.180    17.1272    33.1964          0      1.437  0.000e+00
    24.1003      1.028   40.45316  -71.00518    253.358     8.1073      8.176    17.1272    33.1963          0      1.502  0.000e+00
    24.1003      0.983   40.45316  -71.00518    253.400     8.1087      8.176    17.1271    33.1962          0      1.437  0.000e+00
    24.1000      0.983   40.45316  -71.00518    253.444     8.1101      8.176    17.1274    33.1958          0      1.437  0.000e+00
    24.1002      0.983   40.45316  -71.00518    253.477     8.1112      8.176    17.1272    33.1961          0      1.437  0.000e+00
    24.1001      0.983   40.45316  -71.00518    253.525     8.1127      8.176    17.1271    33.1960          0      1.437  0.000e+00
    24.1000      0.983   40.45316  -71.00518    253.690     8.1180      8.176    17.1270    33.1958          0      1.437  0.000e+00
    24.1001      0.983   40.45316  -71.00518    253.624     8.1159      8.176    17.1268    33.1958          0      1.437  0.000e+00
    24.1003      0.983   40.45316  -71.00518    253.789     8.1211      8.176    17.1268    33.1961          0      1.437  0.000e+00
    24.1003      1.028   40.45316  -71.00518    253.713     8.1187      8.176    17.1268    33.1961          0      1.502  0.000e+00
    24.1002      0.938   40.45316  -71.00518    253.865     8.1236      8.176    17.1268    33.1959          0      1.371  0.000e+00
    24.1000      1.028   40.45316  -71.00518    253.907     8.1249      8.176    17.1270    33.1957          0      1.502  0.000e+00
    24.1004      0.983   40.45316  -71.00518    253.945     8.1261      8.176    17.1267    33.1962          0      1.437  0.000e+00
    24.1001      0.983   40.45316  -71.00518    253.983     8.1273      8.176    17.1268    33.1959          0      1.437  0.000e+00
    24.1003      1.028   40.45316  -71.00518    254.011     8.1282      8.176    17.1268    33.1960          0      1.502  0.000e+00
    24.1002      1.028   40.45316  -71.00518    254.034     8.1290      8.176    17.1272    33.1961          0      1.502  0.000e+00
    24.1003      1.028   40.45316  -71.00518    254.060     8.1298      8.176    17.1270    33.1961          0      1.502  0.000e+00
    24.0998      1.079   40.45316  -71.00518    254.073     8.1302      8.176    17.1271    33.1956          0      1.577  0.000e+00
    24.1003      1.079   40.45316  -71.00518    254.098     8.1310      8.176    17.1268    33.1961          0      1.577  0.000e+00
    24.1001      1.079   40.45316  -71.00518    254.249     8.1359      8.176    17.1268    33.1959          0      1.577  0.000e+00
    24.1001      1.079   40.45316  -71.00518    254.129     8.1320      8.176    17.1270    33.1959          0      1.577  0.000e+00
    24.1001      1.079   40.45316  -71.00518    254.262     8.1363      8.176    17.1275    33.1961          0      1.577  0.000e+00
    24.1002      1.124   40.45316  -71.00518    254.280     8.1369      8.176    17.1277    33.1963          0      1.643  0.000e+00
    24.1003      1.124   40.45316  -71.00518    254.283     8.1369      8.176    17.1279    33.1964          0      1.643  0.000e+00
    24.1005      1.079   40.45316  -71.00518    254.294     8.1373      8.176    17.1282    33.1968          0      1.577  0.000e+00
    24.1008      1.124   40.45316  -71.00518    254.294     8.1373      8.176    17.1284    33.1972          0      1.643  0.000e+00
    24.1006      1.169   40.45316  -71.00518    254.419     8.1413      8.176    17.1289    33.1972          0      1.708  0.000e+00
    24.1001      1.124   40.45316  -71.00518    254.423     8.1414      8.176    17.1296    33.1967          0      1.643  0.000e+00
    24.1003      1.124   40.45316  -71.00518    254.441     8.1420      8.176    17.1296    33.1970          0      1.643  0.000e+00
    24.1004      1.169   40.45316  -71.00518    254.445     8.1421      8.176    17.1297    33.1971          0      1.708  0.000e+00
    24.1003      1.124   40.45316  -71.00518    254.441     8.1420      8.176    17.1304    33.1972          0      1.643  0.000e+00
    24.1001      1.124   40.45316  -71.00518    254.436     8.1419      8.185    17.1309    33.1971          0      1.643  0.000e+00
    24.1000      1.169   40.45316  -71.00518    254.433     8.1417      8.176    17.1311    33.1970          0      1.708  0.000e+00
    24.0999      1.124   40.45316  -71.00518    254.442     8.1420      8.176    17.1304    33.1967          0      1.643  0.000e+00
    24.1001      1.124   40.45316  -71.00518    254.436     8.1418      8.180    17.1299    33.1968          0      1.643  0.000e+00
    24.0997      1.169   40.45316  -71.00518    254.439     8.1419      8.176    17.1301    33.1963          0      1.708  0.000e+00
    24.1002      1.124   40.45316  -71.00518    254.437     8.1419      8.176    17.1299    33.1969          0      1.643  0.000e+00
    24.1003      1.124   40.45316  -71.00518    254.431     8.1417      8.176    17.1304    33.1972          0      1.643  0.000e+00
    24.0997      1.124   40.45316  -71.00518    254.426     8.1415      8.176    17.1308    33.1966          0      1.643  0.000e+00
    24.0995      1.169   40.45316  -71.00518    254.422     8.1414      8.176    17.1306    33.1963          0      1.708  0.000e+00
    24.0996      1.079   40.45316  -71.00518    254.284     8.1370      8.176    17.1303    33.1963          0      1.577  0.000e+00
    24.1002      1.124   40.45316  -71.00518    254.278     8.1368      8.176    17.1297    33.1968          0      1.643  0.000e+00
    24.1001      1.124   40.45316  -71.00518    254.266     8.1364      8.176    17.1299    33.1968          0      1.643  0.000e+00
    24.0997      1.079   40.45316  -71.00518    254.251     8.1359      8.176    17.1304    33.1964          0      1.577  0.000e+00
    24.0996      1.079   40.45316  -71.00518    254.110     8.1314      8.176    17.1304    33.1963          0      1.577  0.000e+00
    24.0998      1.028   40.45316  -71.00518    254.212     8.1347      8.176    17.1303    33.1965          0      1.502  0.000e+00
    24.1000      1.079   40.45316  -71.00518    254.187     8.1339      8.180    17.1301    33.1967          0      1.577  0.000e+00
    24.1001      1.079   40.45316  -71.00518    254.044     8.1293      8.176    17.1299    33.1968          0      1.577  0.000e+00
    24.1002      1.028   40.45316  -71.00518    254.014     8.1283      8.176    17.1298    33.1969          0      1.502  0.000e+00
    24.1000      1.028   40.45316  -71.00518    253.984     8.1274      8.176    17.1301    33.1967          0      1.502  0.000e+00
    24.1001      1.028   40.45316  -71.00518    253.956     8.1265      8.176    17.1297    33.1967          0      1.502  0.000e+00
    24.0999      1.028   40.45316  -71.00518    253.924     8.1255      8.176    17.1301    33.1966          0      1.502  0.000e+00
    24.1001      1.028   40.45316  -71.00518    253.894     8.1245      8.176    17.1299    33.1969          0      1.502  0.000e+00
    24.0998      1.028   40.45316  -71.00518    253.861     8.1235      8.176    17.1303    33.1965          0      1.502  0.000e+00
    24.0998      1.028   40.45316  -71.00518    253.958     8.1265      8.180    17.1303    33.1965          0      1.502  0.000e+00
    24.1001      1.028   40.45316  -71.00518    253.823     8.1222      8.176    17.1299    33.1969          0      1.502  0.000e+00
    24.1001      1.028   40.45316  -71.00518    253.791     8.1212      8.176    17.1299    33.1968          0      1.502  0.000e+00
    24.1001      1.028   40.45316  -71.00516    253.771     8.1206      8.176    17.1298    33.1967          0      1.502  0.000e+00
    24.0999      1.028   40.45316  -71.00516    253.739     8.1195      8.176    17.1296    33.1965          0      1.502  0.000e+00
    24.1004      1.028   40.45316  -71.00516    253.847     8.1230      8.176    17.1292    33.1969          0      1.502  0.000e+00
    24.1004      1.028   40.45316  -71.00516    253.840     8.1228      8.176    17.1289    33.1968          0      1.502  0.000e+00
    24.1004      1.028   40.45316  -71.00516    253.832     8.1225      8.176    17.1287    33.1969          0      1.502  0.000e+00
    24.1004      1.079   40.45316  -71.00516    253.695     8.1181      8.176    17.1287    33.1968          0      1.577  0.000e+00
    24.1002      1.028   40.45316  -71.00516    253.671     8.1174      8.176    17.1287    33.1966          0      1.502  0.000e+00
    24.1000      1.079   40.45316  -71.00516    253.651     8.1167      8.176    17.1287    33.1963          0      1.577  0.000e+00
    24.1001      1.028   40.45316  -71.00516    253.756     8.1201      8.176    17.1285    33.1963          0      1.502  0.000e+00
    24.1007      1.079   40.45316  -71.00516    253.747     8.1198      8.185    17.1282    33.1971          0      1.577  0.000e+00
    24.1001      1.028   40.45316  -71.00516    253.735     8.1194      8.176    17.1282    33.1963          0      1.502  0.000e+00
    24.1002      1.079   40.45316  -71.00516    253.740     8.1196      8.176    17.1279    33.1963          0      1.577  0.000e+00
    24.1005      1.079   40.45316  -71.00516    253.729     8.1192      8.176    17.1277    33.1966          0      1.577  0.000e+00
    24.1003      1.028   40.45316  -71.00516    253.725     8.1191      8.176    17.1282    33.1965          0      1.502  0.000e+00
    24.1005      1.079   40.45316  -71.00516    253.724     8.1190      8.180    17.1287    33.1969          0      1.577  0.000e+00
    24.1007      1.079   40.45316  -71.00516    253.716     8.1188      8.176    17.1301    33.1977          0      1.577  0.000e+00
    24.1007      1.079   40.45316  -71.00516    253.707     8.1185      8.176    17.1316    33.1982          0      1.577  0.000e+00
    24.1007      1.079   40.45316  -71.00516    253.696     8.1182      8.176    17.1335    33.1987          0      1.577  0.000e+00
    24.0999      1.079   40.45316  -71.00516    253.575     8.1143      8.176    17.1349    33.1981          0      1.577  0.000e+00
    24.0996      1.028   40.45316  -71.00516    253.576     8.1143      8.176    17.1349    33.1977          0      1.502  0.000e+00
    24.0996      1.079   40.45316  -71.00516    253.714     8.1187      8.162    17.1341    33.1975          0      1.577  0.000e+00
    24.0994      1.079   40.45316  -71.00516    253.737     8.1195      8.176    17.1329    33.1967          0      1.577  0.000e+00
    24.0998      1.079   40.45316  -71.00516    253.762     8.1203      8.176    17.1313    33.1969          0      1.577  0.000e+00
    24.1003      1.124   40.45316  -71.00516    253.660     8.1170      8.176    17.1299    33.1970          0      1.643  0.000e+00
    24.0999      1.079   40.45316  -71.00516    253.669     8.1173      8.176    17.1291    33.1963          0      1.577  0.000e+00
    24.0998      1.079   40.45316  -71.00516    253.807     8.1217      8.176    17.1286    33.1960          0      1.577  0.000e+00
    24.1001      1.079   40.45316  -71.00516    253.829     8.1224      8.176    17.1280    33.1962          0      1.577  0.000e+00
    24.0998      1.079   40.45316  -71.00516    253.723     8.1190      8.176    17.1279    33.1958          0      1.577  0.000e+00
    24.1000      1.124   40.45316  -71.00516    253.734     8.1194      8.176    17.1277    33.1960          0      1.643  0.000e+00
    24.1001      1.079   40.45316  -71.00516    253.869     8.1237      8.176    17.1277    33.1961          0      1.577  0.000e+00
    24.1004      1.079   40.45316  -71.00516    253.892     8.1244      8.176    17.1275    33.1964          0      1.577  0.000e+00
    24.1001      1.124   40.45316  -71.00516    253.916     8.1252      8.176    17.1277    33.1961          0      1.643  0.000e+00
    24.1004      1.124   40.45316  -71.00516    253.800     8.1215      8.176    17.1275    33.1964          0      1.643  0.000e+00
    24.1002      1.079   40.45316  -71.00516    253.796     8.1213      8.176    17.1279    33.1963          0      1.577  0.000e+00
    24.1000      1.124   40.45316  -71.00516    253.923     8.1254      8.176    17.1282    33.1961          0      1.643  0.000e+00
