cruise2/ctd/proc/eightv0.cnv
* Sea-Bird SBE 9 Data File:
* FileName = C:\Users\Tech\Documents\DataFiles\SBE 9\eight.hex
* Software Version Seasave V 7.26.7.107
* Temperature SN = 2735
* Conductivity SN = 2257
* Number of Bytes Per Scan = 44
* Number of Voltage Words = 4
* Number of Scans Averaged by the Deck Unit = 1
* NMEA Latitude = 40 27.19 N
* NMEA Longitude = 071 00.31 W
* NMEA UTC (Time) = Oct 11 2022  23:42:17
* NMEA baud rate = 4800
# nquan = 12
# nvalues = 20219                                 
# units = specified
# name 0 = sigma-t00: Density [sigma-t, kg/m^3 ]
# name 1 = depSM: Depth [salt water, m]
# name 2 = latitude: Latitude [deg]
# name 3 = longitude: Longitude [deg]
# name 4 = sbeox0Mm/L: Oxygen, SBE 43 [umol/l]
# name 5 = sbeox0Mg/L: Oxygen, SBE 43 [mg/l]
# name 6 = ph: pH
# name 7 = t090C: Temperature [ITS-90, deg C]
# name 8 = sal00: Salinity, Practical [PSU]
# name 9 = nbf: Bottles Fired
# name 10 = prDE: Pressure, Digiquartz [psi]
# name 11 = flag:  0.000e+00
# span 0 =    24.0924,    25.4795                 
# span 1 =     -0.768,     76.904                 
# span 2 =   40.45312,   40.45328                 
# span 3 =  -71.00520,  -71.00280                 
# span 4 =    182.051,    255.115                 
# span 5 =     5.8255,     8.1636                 
# span 6 =      7.901,      8.190                 
# span 7 =    11.5520,    17.5217                 
# span 8 =    33.1326,    33.4719                 
# span 9 =          0,         11                 
# span 10 =     -1.123,    112.427                
# span 11 = 0.0000e+00, 0.0000e+00                
# interval = seconds: 0.0416667
# start_time = Oct 11 2022 23:42:20 [System UTC, header]
# bad_flag = -9.990e-29
*END*
[from data line 12632]
    25.4066     59.264   40.45320  -71.00372    188.817     6.0421      7.928    11.6143    33.3848          5     86.635  0.000e+00
    25.4066     59.264   40.45320  -71.00372    188.848     6.0431      7.928    11.6143    33.3848          5     86.635  0.000e+00
    25.4064     59.213   40.45320  -71.00372    188.751     6.0399      7.928    11.6139    33.3845          5     86.560  0.000e+00
    25.4062     59.168   40.45320  -71.00372    188.787     6.0411      7.928    11.6136    33.3841          5     86.494  0.000e+00
    25.4052     59.168   40.45320  -71.00372    188.564     6.0340      7.928    11.6130    33.3828          5     86.494  0.000e+00
    25.4043     59.078   40.45320  -71.00372    188.480     6.0313      7.928    11.6111    33.3811          5     86.363  0.000e+00
    25.4037     59.078   40.45320  -71.00372    188.555     6.0337      7.928    11.6079    33.3797          5     86.363  0.000e+00
    25.4035     59.078   40.45320  -71.00372    188.352     6.0272      7.929    11.6042    33.3784          5     86.363  0.000e+00
    25.4033     58.975   40.45320  -71.00372    188.445     6.0301      7.929    11.6015    33.3775          5     86.212  0.000e+00
    25.4035     58.981   40.45320  -71.00372    188.275     6.0247      7.929    11.5996    33.3774          5     86.222  0.000e+00
    25.4036     58.937   40.45320  -71.00372    188.535     6.0331      7.929    11.5987    33.3772          5     86.156  0.000e+00
    25.4038     58.937   40.45320  -71.00372    188.686     6.0379      7.929    11.5978    33.3773          5     86.156  0.000e+00
    25.4040     58.840   40.45320  -71.00372    188.438     6.0299      7.929    11.5976    33.3776          5     86.015  0.000e+00
    25.4042     58.840   40.45320  -71.00372    188.500     6.0319      7.929    11.5971    33.3777          5     86.015  0.000e+00
    25.4035     58.795   40.45320  -71.00372    188.552     6.0336      7.929    11.5962    33.3765          5     85.950  0.000e+00
    25.4033     58.795   40.45320  -71.00372    188.760     6.0402      7.929    11.5951    33.3760          5     85.950  0.000e+00
    25.4029     58.744   40.45320  -71.00372    188.690     6.0380      7.929    11.5939    33.3752          5     85.874  0.000e+00
    25.4027     58.699   40.45320  -71.00372    189.077     6.0504      7.929    11.5926    33.3747          5     85.809  0.000e+00
    25.4020     58.648   40.45320  -71.00372    189.057     6.0498      7.929    11.5909    33.3734          5     85.734  0.000e+00
    25.4008     58.654   40.45320  -71.00372    189.458     6.0626      7.929    11.5893    33.3715          5     85.743  0.000e+00
    25.4002     58.603   40.45320  -71.00372    189.407     6.0609      7.929    11.5878    33.3704          5     85.668  0.000e+00
    25.4002     58.558   40.45320  -71.00372    189.166     6.0532      7.929    11.5871    33.3702          5     85.602  0.000e+00
    25.3999     58.513   40.45320  -71.00372    188.948     6.0462      7.929    11.5868    33.3698          5     85.537  0.000e+00
    25.4006     58.513   40.45320  -71.00372    189.319     6.0581      7.929    11.5863    33.3705          5     85.537  0.000e+00
    25.3999     58.461   40.45320  -71.00372    189.412     6.0611      7.929    11.5864    33.3697          5     85.461  0.000e+00
    25.3998     58.416   40.45320  -71.00372    189.304     6.0576      7.929    11.5863    33.3694          5     85.396  0.000e+00
    25.3999     58.416   40.45320  -71.00372    189.311     6.0579      7.929    11.5865    33.3697          5     85.396  0.000e+00
    25.3999     58.371   40.45320  -71.00372    189.491     6.0636      7.929    11.5864    33.3697          5     85.330  0.000e+00
    25.3996     58.320   40.45320  -71.00370    189.539     6.0652      7.929    11.5870    33.3693          5     85.255  0.000e+00
    25.3992     58.320   40.45320  -71.00370    189.443     6.0621      7.929    11.5874    33.3690          5     85.255  0.000e+00
    25.3994     58.275   40.45320  -71.00370    189.613     6.0675      7.929    11.5873    33.3692          5     85.189  0.000e+00
    25.3987     58.230   40.45320  -71.00370    189.523     6.0646      7.924    11.5876    33.3684          5     85.123  0.000e+00
    25.3985     58.230   40.45320  -71.00370    189.589     6.0668      7.929    11.5874    33.3681          5     85.123  0.000e+00
    25.3981     58.179   40.45320  -71.00370    189.526     6.0647      7.929    11.5879    33.3677          5     85.048  0.000e+00
    25.3984     58.134   40.45320  -71.00370    189.883     6.0762      7.929    11.5878    33.3680          5     84.983  0.000e+00
    25.3980     58.134   40.45320  -71.00370    189.963     6.0787      7.929    11.5876    33.3674          5     84.983  0.000e+00
    25.3977     58.089   40.45320  -71.00370    190.157     6.0849      7.933    11.5876    33.3670          5     84.917  0.000e+00
    25.3972     58.083   40.45320  -71.00370    190.053     6.0816      7.929    11.5874    33.3663          5     84.908  0.000e+00
    25.3966     57.993   40.45320  -71.00370    190.061     6.0819      7.929    11.5870    33.3656          5     84.776  0.000e+00
    25.3962     58.038   40.45320  -71.00370    190.052     6.0816      7.929    11.5868    33.3650          5     84.842  0.000e+00
    25.3964     57.948   40.45320  -71.00370    190.037     6.0811      7.929    11.5870    33.3653          5     84.710  0.000e+00
    25.3962     57.948   40.45320  -71.00370    190.192     6.0860      7.924    11.5873    33.3650          5     84.710  0.000e+00
    25.3958     57.948   40.45320  -71.00370    190.347     6.0910      7.929    11.5873    33.3645          5     84.710  0.000e+00
    25.3954     57.896   40.45320  -71.00370    190.368     6.0917      7.929    11.5872    33.3640          5     84.635  0.000e+00
    25.3952     57.851   40.45320  -71.00370    190.556     6.0977      7.929    11.5868    33.3636          5     84.570  0.000e+00
    25.3945     57.845   40.45320  -71.00370    190.741     6.1036      7.929    11.5868    33.3628          5     84.560  0.000e+00
    25.3944     57.806   40.45320  -71.00370    190.807     6.1057      7.929    11.5870    33.3627          5     84.504  0.000e+00
    25.3946     57.761   40.45320  -71.00370    190.718     6.1029      7.929    11.5875    33.3631          5     84.438  0.000e+00
    25.3943     57.761   40.45320  -71.00370    190.742     6.1036      7.929    11.5879    33.3628          5     84.438  0.000e+00
    25.3936     57.710   40.45320  -71.00370    190.740     6.1036      7.929    11.5888    33.3620          5     84.363  0.000e+00
    25.3929     57.710   40.45320  -71.00370    190.756     6.1041      7.929    11.5896    33.3614          5     84.363  0.000e+00
    25.3926     57.665   40.45320  -71.00370    190.768     6.1045      7.929    11.5901    33.3611          5     84.297  0.000e+00
    25.3925     57.665   40.45320  -71.00370    190.948     6.1103      7.929    11.5903    33.3610          5     84.297  0.000e+00
    25.3924     57.614   40.45320  -71.00370    190.822     6.1062      7.938    11.5908    33.3609          5     84.222  0.000e+00
    25.3927     57.569   40.45320  -71.00370    190.826     6.1064      7.929    11.5909    33.3614          5     84.157  0.000e+00
    25.3921     57.569   40.45320  -71.00370    190.847     6.1070      7.929    11.5915    33.3608          5     84.157  0.000e+00
    25.3912     57.569   40.45320  -71.00370    190.995     6.1118      7.929    11.5923    33.3598          5     84.157  0.000e+00
    25.3907     57.479   40.45320  -71.00370    191.024     6.1127      7.933    11.5930    33.3593          5     84.025  0.000e+00
    25.3902     57.479   40.45320  -71.00370    191.033     6.1130      7.938    11.5938    33.3588          5     84.025  0.000e+00
    25.3902     57.479   40.45320  -71.00370    191.079     6.1144      7.929    11.5939    33.3589          5     84.025  0.000e+00
    25.3903     57.428   40.45320  -71.00370    191.139     6.1164      7.929    11.5943    33.3591          5     83.950  0.000e+00
    25.3897     57.421   40.45320  -71.00370    191.161     6.1171      7.929    11.5948    33.3585          5     83.941  0.000e+00
    25.3891     57.338   40.45320  -71.00370    191.028     6.1128      7.929    11.5953    33.3578          5     83.819  0.000e+00
    25.3890     57.338   40.45320  -71.00370    191.174     6.1175      7.929    11.5961    33.3579          5     83.819  0.000e+00
    25.3888     57.338   40.45320  -71.00370    191.205     6.1185      7.929    11.5969    33.3579          5     83.819  0.000e+00
    25.3885     57.286   40.45320  -71.00370    191.212     6.1187      7.933    11.5979    33.3577          5     83.744  0.000e+00
    25.3881     57.286   40.45320  -71.00370    191.106     6.1153      7.929    11.5991    33.3574          5     83.744  0.000e+00
    25.3872     57.196   40.45320  -71.00370    191.107     6.1153      7.929    11.6006    33.3566          5     83.612  0.000e+00
    25.3871     57.235   40.45320  -71.00370    191.149     6.1167      7.929    11.6018    33.3568          5     83.668  0.000e+00
    25.3870     57.145   40.45320  -71.00370    191.172     6.1174      7.929    11.6023    33.3568          5     83.537  0.000e+00
    25.3864     57.145   40.45320  -71.00370    191.155     6.1169      7.929    11.6037    33.3563          5     83.537  0.000e+00
    25.3854     57.145   40.45320  -71.00370    190.946     6.1102      7.928    11.6054    33.3554          5     83.537  0.000e+00
    25.3849     57.100   40.45320  -71.00370    191.054     6.1136      7.928    11.6068    33.3551          5     83.471  0.000e+00
    25.3839     57.055   40.45320  -71.00370    191.026     6.1128      7.928    11.6087    33.3543          5     83.406  0.000e+00
    25.3833     57.004   40.45320  -71.00370    190.828     6.1064      7.928    11.6103    33.3539          5     83.330  0.000e+00
    25.3826     56.997   40.45320  -71.00370    190.761     6.1043      7.928    11.6118    33.3534          5     83.321  0.000e+00
    25.3822     57.004   40.45320  -71.00370    190.712     6.1027      7.928    11.6130    33.3531          5     83.330  0.000e+00
    25.3809     56.914   40.45320  -71.00370    190.806     6.1057      7.928    11.6150    33.3519          5     83.199  0.000e+00
    25.3806     56.914   40.45320  -71.00370    190.901     6.1087      7.928    11.6165    33.3519          5     83.199  0.000e+00
    25.3799     56.863   40.45320  -71.00370    190.576     6.0983      7.933    11.6184    33.3514          5     83.124  0.000e+00
    25.3796     56.863   40.45320  -71.00370    190.349     6.0911      7.928    11.6196    33.3513          5     83.124  0.000e+00
    25.3790     56.818   40.45320  -71.00370    190.095     6.0830      7.928    11.6220    33.3511          5     83.058  0.000e+00
    25.3781     56.811   40.45320  -71.00370    189.956     6.0785      7.928    11.6241    33.3505          5     83.049  0.000e+00
    25.3771     56.773   40.45320  -71.00370    190.004     6.0801      7.928    11.6260    33.3497          5     82.992  0.000e+00
    25.3773     56.721   40.45320  -71.00370    189.924     6.0775      7.928    11.6266    33.3501          5     82.917  0.000e+00
    25.3766     56.676   40.45320  -71.00370    190.010     6.0802      7.928    11.6278    33.3494          5     82.852  0.000e+00
    25.3763     56.676   40.45320  -71.00370    189.795     6.0734      7.928    11.6291    33.3494          5     82.852  0.000e+00
    25.3759     56.631   40.45320  -71.00370    189.710     6.0706      7.928    11.6306    33.3491          5     82.786  0.000e+00
    25.3756     56.631   40.45320  -71.00370    189.627     6.0680      7.928    11.6314    33.3490          5     82.786  0.000e+00
    25.3753     56.580   40.45320  -71.00370    189.692     6.0701      7.928    11.6323    33.3489          5     82.711  0.000e+00
    25.3751     56.580   40.45320  -71.00370    189.796     6.0734      7.928    11.6327    33.3487          5     82.711  0.000e+00
    25.3751     56.535   40.45320  -71.00370    190.083     6.0826      7.928    11.6335    33.3488          5     82.645  0.000e+00
    25.3745     56.490   40.45320  -71.00370    190.107     6.0833      7.928    11.6337    33.3481          5     82.579  0.000e+00
    25.3742     56.490   40.45320  -71.00370    190.153     6.0848      7.919    11.6331    33.3476          5     82.579  0.000e+00
    25.3732     56.445   40.45320  -71.00370    190.217     6.0869      7.928    11.6323    33.3461          5     82.514  0.000e+00
    25.3726     56.439   40.45320  -71.00370    190.281     6.0889      7.928    11.6315    33.3452          5     82.504  0.000e+00
    25.3723     56.394   40.45320  -71.00370    190.175     6.0855      7.928    11.6306    33.3446          5     82.439  0.000e+00
    25.3717     56.394   40.45320  -71.00370    190.352     6.0912      7.928    11.6294    33.3435          5     82.439  0.000e+00
    25.3708     56.349   40.45320  -71.00370    190.544     6.0973      7.928    11.6283    33.3421          5     82.373  0.000e+00
    25.3712     56.304   40.45320  -71.00370    190.450     6.0943      7.928    11.6275    33.3425          5     82.307  0.000e+00
    25.3713     56.304   40.45320  -71.00370    190.186     6.0859      7.924    11.6269    33.3424          5     82.307  0.000e+00
    25.3707     56.246   40.45320  -71.00370    190.359     6.0914      7.928    11.6255    33.3413          5     82.223  0.000e+00
    25.3702     56.253   40.45320  -71.00370    190.682     6.1017      7.933    11.6240    33.3403          5     82.232  0.000e+00
    25.3700     56.208   40.45320  -71.00370    190.586     6.0987      7.928    11.6227    33.3397          5     82.166  0.000e+00
    25.3691     56.208   40.45320  -71.00370    190.773     6.1047      7.928    11.6214    33.3383          5     82.166  0.000e+00
    25.3688     56.163   40.45320  -71.00370    191.295     6.1213      7.928    11.6198    33.3374          5     82.101  0.000e+00
    25.3687     56.163   40.45320  -71.00370    191.262     6.1203      7.928    11.6195    33.3374          5     82.101  0.000e+00
    25.3692     56.163   40.45320  -71.00370    191.358     6.1234      7.933    11.6190    33.3379          5     82.101  0.000e+00
    25.3698     56.060   40.45320  -71.00370    191.301     6.1215      7.928    11.6180    33.3384          5     81.950  0.000e+00
    25.3689     56.111   40.45320  -71.00370    191.373     6.1239      7.928    11.6181    33.3373          5     82.026  0.000e+00
    25.3695     56.021   40.45320  -71.00370    191.293     6.1213      7.928    11.6173    33.3378          5     81.894  0.000e+00
    25.3689     56.066   40.45320  -71.00370    191.178     6.1176      7.928    11.6167    33.3369          5     81.960  0.000e+00
    25.3688     55.970   40.45320  -71.00370    191.359     6.1234      7.928    11.6158    33.3365          5     81.819  0.000e+00
    25.3689     55.970   40.45320  -71.00370    191.411     6.1251      7.928    11.6143    33.3364          5     81.819  0.000e+00
    25.3685     55.964   40.45320  -71.00370    191.469     6.1269      7.928    11.6115    33.3352          5     81.810  0.000e+00
    25.3672     55.970   40.45320  -71.00370    191.362     6.1235      7.928    11.6081    33.3327          5     81.819  0.000e+00
    25.3660     55.925   40.45320  -71.00370    191.378     6.1240      7.928    11.6058    33.3306          5     81.753  0.000e+00
    25.3658     55.880   40.45320  -71.00370    191.385     6.1242      7.929    11.6046    33.3300          5     81.688  0.000e+00
    25.3658     55.829   40.45320  -71.00370    191.539     6.1291      7.929    11.6037    33.3299          5     81.613  0.000e+00
