cruise2/ctd/proc/eightv0.cnv
* Sea-Bird SBE 9 Data File:
* FileName = C:\Users\Tech\Documents\DataFiles\SBE 9\eight.hex
* Software Version Seasave V 7.26.7.107
* Temperature SN = 2735
* Conductivity SN = 2257
* Number of Bytes Per Scan = 44
* Number of Voltage Words = 4
* Number of Scans Averaged by the Deck Unit = 1
* NMEA Latitude = 40 27.19 N
* NMEA Longitude = 071 00.31 W
* NMEA UTC (Time) = Oct 11 2022  23:42:17
* NMEA baud rate = 4800
# nquan = 12
# nvalues = 20219                                 
# units = specified
# name 0 = sigma-t00: Density [sigma-t, kg/m^3 ]
# name 1 = depSM: Depth [salt water, m]
# name 2 = latitude: Latitude [deg]
# name 3 = longitude: Longitude [deg]
# name 4 = sbeox0Mm/L: Oxygen, SBE 43 [umol/l]
# name 5 = sbeox0Mg/L: Oxygen, SBE 43 [mg/l]
# name 6 = ph: pH
# name 7 = t090C: Temperature [ITS-90, deg C]
# name 8 = sal00: Salinity, Practical [PSU]
# name 9 = nbf: Bottles Fired
# name 10 = prDE: Pressure, Digiquartz [psi]
# name 11 = flag:  0.000e+00
# span 0 =    24.0924,    25.4795                 
# span 1 =     -0.768,     76.904                 
# span 2 =   40.45312,   40.45328                 
# span 3 =  -71.00520,  -71.00280                 
# span 4 =    182.051,    255.115                 
# span 5 =     5.8255,     8.1636                 
# span 6 =      7.901,      8.190                 
# span 7 =    11.5520,    17.5217                 
# span 8 =    33.1326,    33.4719                 
# span 9 =          0,         11                 
# span 10 =     -1.123,    112.427                
# span 11 = 0.0000e+00, 0.0000e+00                
# interval = seconds: 0.0416667
# start_time = Oct 11 2022 23:42:20 [System UTC, header]
# bad_flag = -9.990e-29
*END*
[from data line 843]
    24.1013      0.979   40.45316  -71.00508    254.907     8.1569      8.176    17.1275    33.1976          0      1.431  0.000e+00
    24.1010      0.934   40.45316  -71.00508    254.765     8.1524      8.176    17.1274    33.1971          0      1.365  0.000e+00
    24.1012      0.934   40.45316  -71.00508    254.866     8.1556      8.176    17.1270    33.1973          0      1.365  0.000e+00
    24.1011      0.979   40.45316  -71.00508    254.837     8.1547      8.176    17.1268    33.1972          0      1.431  0.000e+00
    24.1013      0.883   40.45316  -71.00508    254.684     8.1498      8.180    17.1267    33.1973          0      1.290  0.000e+00
    24.1011      0.934   40.45316  -71.00508    254.650     8.1487      8.180    17.1267    33.1971          0      1.365  0.000e+00
    24.1012      0.883   40.45316  -71.00508    254.611     8.1474      8.176    17.1265    33.1972          0      1.290  0.000e+00
    24.1010      0.883   40.45316  -71.00508    254.571     8.1462      8.180    17.1265    33.1969          0      1.290  0.000e+00
    24.1010      0.838   40.45316  -71.00508    254.527     8.1448      8.180    17.1265    33.1969          0      1.225  0.000e+00
    24.1005      0.883   40.45316  -71.00508    254.486     8.1434      8.176    17.1263    33.1962          0      1.290  0.000e+00
    24.1005      0.838   40.45316  -71.00508    254.452     8.1423      8.176    17.1262    33.1961          0      1.225  0.000e+00
    24.1009      0.793   40.45316  -71.00508    254.286     8.1370      8.176    17.1263    33.1968          0      1.159  0.000e+00
    24.1010      0.793   40.45316  -71.00508    254.364     8.1395      8.176    17.1263    33.1969          0      1.159  0.000e+00
    24.1011      0.793   40.45316  -71.00508    254.328     8.1384      8.176    17.1262    33.1969          0      1.159  0.000e+00
    24.1012      0.793   40.45316  -71.00508    254.289     8.1371      8.176    17.1259    33.1970          0      1.159  0.000e+00
    24.1010      0.793   40.45316  -71.00508    254.260     8.1362      8.176    17.1262    33.1968          0      1.159  0.000e+00
    24.1010      0.742   40.45316  -71.00508    254.103     8.1312      8.180    17.1259    33.1967          0      1.084  0.000e+00
    24.1014      0.793   40.45316  -71.00508    254.190     8.1340      8.176    17.1258    33.1973          0      1.159  0.000e+00
    24.1004      0.793   40.45316  -71.00508    254.161     8.1330      8.176    17.1260    33.1960          0      1.159  0.000e+00
    24.0998      0.793   40.45316  -71.00508    254.131     8.1321      8.176    17.1259    33.1952          0      1.159  0.000e+00
    24.1004      0.793   40.45316  -71.00508    254.095     8.1309      8.176    17.1262    33.1960          0      1.159  0.000e+00
    24.1011      0.838   40.45316  -71.00508    254.073     8.1302      8.180    17.1263    33.1970          0      1.224  0.000e+00
    24.1014      0.793   40.45316  -71.00508    254.049     8.1295      8.176    17.1265    33.1974          0      1.159  0.000e+00
    24.1016      0.838   40.45316  -71.00508    254.028     8.1288      8.176    17.1265    33.1977          0      1.224  0.000e+00
    24.1010      0.883   40.45316  -71.00508    254.005     8.1280      8.180    17.1270    33.1971          0      1.290  0.000e+00
    24.1010      0.838   40.45316  -71.00508    253.994     8.1277      8.176    17.1270    33.1971          0      1.224  0.000e+00
    24.1015      0.934   40.45316  -71.00508    253.986     8.1274      8.176    17.1268    33.1976          0      1.365  0.000e+00
    24.1009      0.883   40.45316  -71.00508    253.975     8.1271      8.176    17.1270    33.1970          0      1.290  0.000e+00
    24.1009      0.934   40.45316  -71.00508    253.965     8.1268      8.176    17.1271    33.1970          0      1.365  0.000e+00
    24.1010      0.934   40.45316  -71.00508    253.954     8.1264      8.180    17.1272    33.1972          0      1.365  0.000e+00
    24.1013      0.883   40.45316  -71.00508    253.954     8.1264      8.176    17.1274    33.1975          0      1.290  0.000e+00
    24.1016      1.024   40.45316  -71.00508    253.960     8.1266      8.176    17.1275    33.1980          0      1.496  0.000e+00
    24.1016      0.979   40.45316  -71.00508    253.946     8.1262      8.176    17.1280    33.1982          0      1.431  0.000e+00
    24.1016      0.979   40.45316  -71.00508    253.948     8.1262      8.176    17.1284    33.1983          0      1.431  0.000e+00
    24.1015      0.934   40.45316  -71.00508    253.949     8.1262      8.176    17.1287    33.1982          0      1.365  0.000e+00
    24.1017      0.979   40.45316  -71.00508    253.953     8.1264      8.176    17.1289    33.1985          0      1.431  0.000e+00
    24.1021      1.024   40.45316  -71.00508    254.087     8.1307      8.180    17.1289    33.1991          0      1.496  0.000e+00
    24.1016      0.979   40.45316  -71.00508    254.102     8.1311      8.176    17.1292    33.1985          0      1.431  0.000e+00
    24.1016      1.024   40.45316  -71.00508    254.120     8.1317      8.176    17.1292    33.1986          0      1.496  0.000e+00
    24.1015      1.075   40.45316  -71.00508    254.153     8.1328      8.176    17.1292    33.1984          0      1.571  0.000e+00
    24.1018      0.979   40.45316  -71.00508    254.167     8.1332      8.180    17.1292    33.1988          0      1.431  0.000e+00
    24.1016      1.120   40.45316  -71.00508    254.201     8.1343      8.180    17.1294    33.1986          0      1.637  0.000e+00
    24.1020      1.024   40.45316  -71.00508    254.089     8.1307      8.176    17.1292    33.1991          0      1.496  0.000e+00
    24.1017      1.120   40.45316  -71.00508    254.109     8.1314      8.176    17.1297    33.1989          0      1.637  0.000e+00
    24.1015      1.075   40.45316  -71.00508    254.116     8.1316      8.176    17.1298    33.1986          0      1.571  0.000e+00
    24.1015      1.165   40.45316  -71.00508    254.113     8.1315      8.180    17.1299    33.1986          0      1.702  0.000e+00
    24.1011      1.120   40.45316  -71.00508    254.120     8.1317      8.180    17.1301    33.1981          0      1.637  0.000e+00
    24.1014      1.216   40.45316  -71.00508    254.004     8.1280      8.176    17.1299    33.1985          0      1.777  0.000e+00
    24.1016      1.165   40.45316  -71.00508    254.113     8.1315      8.180    17.1301    33.1987          0      1.702  0.000e+00
    24.1013      1.216   40.45316  -71.00508    253.998     8.1278      8.176    17.1301    33.1984          0      1.777  0.000e+00
    24.1014      1.261   40.45316  -71.00508    254.111     8.1314      8.180    17.1303    33.1986          0      1.843  0.000e+00
    24.1011      1.261   40.45316  -71.00508    253.996     8.1278      8.176    17.1301    33.1981          0      1.843  0.000e+00
    24.1014      1.261   40.45316  -71.00508    253.996     8.1277      8.180    17.1299    33.1985          0      1.843  0.000e+00
    24.1016      1.306   40.45316  -71.00508    253.983     8.1274      8.180    17.1301    33.1988          0      1.909  0.000e+00
    24.1011      1.261   40.45316  -71.00508    253.843     8.1229      8.180    17.1301    33.1981          0      1.843  0.000e+00
    24.1012      1.357   40.45316  -71.00508    253.823     8.1222      8.176    17.1301    33.1983          0      1.984  0.000e+00
    24.1013      1.357   40.45316  -71.00508    253.802     8.1215      8.180    17.1299    33.1984          0      1.983  0.000e+00
    24.1012      1.357   40.45316  -71.00508    253.653     8.1168      8.180    17.1299    33.1983          0      1.983  0.000e+00
    24.1008      1.357   40.45316  -71.00508    253.747     8.1198      8.180    17.1304    33.1978          0      1.983  0.000e+00
    24.1011      1.402   40.45316  -71.00508    253.603     8.1152      8.180    17.1303    33.1982          0      2.049  0.000e+00
    24.1011      1.402   40.45316  -71.00508    253.687     8.1179      8.176    17.1306    33.1983          0      2.049  0.000e+00
    24.1011      1.402   40.45316  -71.00508    253.671     8.1174      8.180    17.1304    33.1982          0      2.049  0.000e+00
    24.1013      1.402   40.45316  -71.00508    253.529     8.1128      8.176    17.1303    33.1985          0      2.049  0.000e+00
    24.1012      1.402   40.45316  -71.00508    253.503     8.1120      8.176    17.1303    33.1984          0      2.049  0.000e+00
    24.1013      1.402   40.45316  -71.00508    253.479     8.1112      8.180    17.1301    33.1985          0      2.049  0.000e+00
    24.1014      1.402   40.45316  -71.00508    253.445     8.1101      8.176    17.1298    33.1984          0      2.049  0.000e+00
    24.1012      1.402   40.45316  -71.00508    253.423     8.1094      8.180    17.1299    33.1983          0      2.049  0.000e+00
    24.1016      1.402   40.45316  -71.00508    253.404     8.1088      8.176    17.1296    33.1986          0      2.049  0.000e+00
    24.1013      1.402   40.45316  -71.00508    253.386     8.1082      8.180    17.1294    33.1982          0      2.049  0.000e+00
    24.1017      1.357   40.45316  -71.00508    253.370     8.1077      8.180    17.1289    33.1985          0      1.983  0.000e+00
    24.1020      1.402   40.45316  -71.00508    253.355     8.1072      8.180    17.1289    33.1990          0      2.049  0.000e+00
    24.1021      1.357   40.45316  -71.00508    253.339     8.1067      8.180    17.1289    33.1991          0      1.983  0.000e+00
    24.1020      1.357   40.45316  -71.00508    253.454     8.1104      8.180    17.1289    33.1989          0      1.983  0.000e+00
    24.1019      1.357   40.45316  -71.00508    253.450     8.1103      8.180    17.1297    33.1991          0      1.983  0.000e+00
    24.1019      1.357   40.45316  -71.00508    253.195     8.1021      8.176    17.1298    33.1991          0      1.983  0.000e+00
    24.1023      1.306   40.45316  -71.00508    253.175     8.1015      8.176    17.1292    33.1995          0      1.908  0.000e+00
    24.1023      1.306   40.45316  -71.00508    253.152     8.1008      8.176    17.1299    33.1997          0      1.908  0.000e+00
    24.1020      1.306   40.45316  -71.00508    253.128     8.1000      8.176    17.1313    33.1997          0      1.908  0.000e+00
    24.1018      1.261   40.45316  -71.00508    253.237     8.1035      8.180    17.1318    33.1996          0      1.843  0.000e+00
    24.1013      1.261   40.45316  -71.00508    253.108     8.0993      8.176    17.1320    33.1990          0      1.843  0.000e+00
    24.1010      1.216   40.45316  -71.00508    253.096     8.0990      8.176    17.1320    33.1986          0      1.777  0.000e+00
    24.1012      1.216   40.45316  -71.00508    253.217     8.1028      8.176    17.1315    33.1988          0      1.777  0.000e+00
    24.1009      1.216   40.45316  -71.00508    253.224     8.1031      8.185    17.1311    33.1983          0      1.777  0.000e+00
    24.1009      1.164   40.45316  -71.00508    253.234     8.1034      8.176    17.1303    33.1980          0      1.702  0.000e+00
    24.1007      1.119   40.45316  -71.00508    253.115     8.0996      8.176    17.1299    33.1976          0      1.636  0.000e+00
    24.1008      1.164   40.45316  -71.00508    253.130     8.1001      8.180    17.1292    33.1975          0      1.702  0.000e+00
    24.1007      1.119   40.45316  -71.00508    253.145     8.1005      8.176    17.1287    33.1973          0      1.636  0.000e+00
    24.1006      1.075   40.45316  -71.00508    253.289     8.1051      8.176    17.1284    33.1969          0      1.571  0.000e+00
    24.1010      1.074   40.45316  -71.00508    253.450     8.1103      8.176    17.1275    33.1973          0      1.571  0.000e+00
    24.1007      1.074   40.45316  -71.00508    253.367     8.1076      8.176    17.1274    33.1968          0      1.571  0.000e+00
    24.1008      1.074   40.45316  -71.00508    253.529     8.1128      8.176    17.1272    33.1968          0      1.571  0.000e+00
    24.1011      1.074   40.45316  -71.00508    253.564     8.1139      8.171    17.1270    33.1972          0      1.571  0.000e+00
    24.1013      1.023   40.45316  -71.00508    253.597     8.1150      8.180    17.1270    33.1975          0      1.495  0.000e+00
    24.1012      0.978   40.45316  -71.00508    253.632     8.1161      8.176    17.1270    33.1974          0      1.430  0.000e+00
    24.1013      1.023   40.45316  -71.00508    253.672     8.1174      8.176    17.1268    33.1975          0      1.495  0.000e+00
    24.1009      0.978   40.45316  -71.00508    253.711     8.1186      8.176    17.1267    33.1969          0      1.430  0.000e+00
    24.1009      0.978   40.45316  -71.00508    253.611     8.1154      8.176    17.1265    33.1968          0      1.430  0.000e+00
    24.1011      0.978   40.45316  -71.00508    253.766     8.1204      8.176    17.1265    33.1970          0      1.430  0.000e+00
    24.1011      0.933   40.45316  -71.00508    253.794     8.1213      8.180    17.1263    33.1969          0      1.364  0.000e+00
    24.0991      0.933   40.45316  -71.00508    253.840     8.1228      8.180    17.1263    33.1944          0      1.364  0.000e+00
    24.0989      0.882   40.45316  -71.00508    253.872     8.1238      8.176    17.1258    33.1939          0      1.289  0.000e+00
    24.1006      0.933   40.45316  -71.00508    253.903     8.1248      8.180    17.1254    33.1960          0      1.364  0.000e+00
    24.1006      0.882   40.45316  -71.00508    253.932     8.1257      8.176    17.1256    33.1961          0      1.289  0.000e+00
    24.1002      0.837   40.45316  -71.00508    253.951     8.1263      8.176    17.1254    33.1956          0      1.223  0.000e+00
    24.1002      0.882   40.45316  -71.00508    253.971     8.1270      8.180    17.1254    33.1956          0      1.289  0.000e+00
    24.0975      0.837   40.45316  -71.00508    253.995     8.1277      8.176    17.1253    33.1920          0      1.223  0.000e+00
    24.0975      0.837   40.45316  -71.00506    254.000     8.1279      8.176    17.1254    33.1921          0      1.223  0.000e+00
    24.0985      0.837   40.45316  -71.00506    254.015     8.1284      8.176    17.1258    33.1934          0      1.223  0.000e+00
    24.0997      0.741   40.45316  -71.00506    254.015     8.1284      8.176    17.1258    33.1951          0      1.083  0.000e+00
    24.1007      0.837   40.45316  -71.00506    254.032     8.1289      8.176    17.1261    33.1964          0      1.223  0.000e+00
    24.1017      0.741   40.45316  -71.00506    254.043     8.1293      8.176    17.1263    33.1978          0      1.083  0.000e+00
    24.1017      0.792   40.45316  -71.00506    254.173     8.1334      8.176    17.1272    33.1980          0      1.158  0.000e+00
    24.1014      0.741   40.45316  -71.00506    254.184     8.1338      8.176    17.1279    33.1979          0      1.083  0.000e+00
    24.1013      0.792   40.45316  -71.00506    254.199     8.1343      8.180    17.1282    33.1978          0      1.158  0.000e+00
    24.1013      0.741   40.45316  -71.00506    254.211     8.1346      8.176    17.1284    33.1978          0      1.083  0.000e+00
    24.1009      0.741   40.45316  -71.00506    254.225     8.1351      8.176    17.1283    33.1974          0      1.083  0.000e+00
    24.1011      0.741   40.45316  -71.00506    254.238     8.1355      8.176    17.1282    33.1976          0      1.083  0.000e+00
    24.1011      0.792   40.45316  -71.00506    254.253     8.1360      8.176    17.1279    33.1975          0      1.158  0.000e+00
    24.1012      0.741   40.45316  -71.00506    254.263     8.1363      8.176    17.1277    33.1975          0      1.083  0.000e+00
