cruise2/ctd/proc/FiveSamagainv0.cnv
* Sea-Bird SBE 9 Data File:
* FileName = C:\Users\Tech\Documents\DataFiles\SBE 9\FiveSamagain.hex
* Software Version Seasave V 7.26.7.107
* Temperature SN = 2735
* Conductivity SN = 2257
* Number of Bytes Per Scan = 44
* Number of Voltage Words = 4
* Number of Scans Averaged by the Deck Unit = 1
* NMEA Latitude = 40 56.91 N
* NMEA Longitude = 071 00.05 W
* NMEA UTC (Time) = Oct 12 2022  14:02:51
* NMEA baud rate = 4800
# nquan = 12
# nvalues = 5765                                  
# units = specified
# name 0 = sigma-t00: Density [sigma-t, kg/m^3 ]
# name 1 = depSM: Depth [salt water, m]
# name 2 = latitude: Latitude [deg]
# name 3 = longitude: Longitude [deg]
# name 4 = sbeox0Mm/L: Oxygen, SBE 43 [umol/l]
# name 5 = sbeox0Mg/L: Oxygen, SBE 43 [mg/l]
# name 6 = ph: pH
# name 7 = t090C: Temperature [ITS-90, deg C]
# name 8 = sal00: Salinity, Practical [PSU]
# name 9 = nbf: Bottles Fired
# name 10 = prDE: Pressure, Digiquartz [psi]
# name 11 = flag:  0.000e+00
# span 0 =    23.7153,    24.0424                 
# span 1 =      1.047,     30.668                 
# span 2 =   40.94848,   40.94874                 
# span 3 =  -71.00080,  -71.00016                 
# span 4 =    213.156,    294.211                 
# span 5 =     6.8209,     9.4146                 
# span 6 =      8.080,      8.157                 
# span 7 =    15.9149,    16.2421                 
# span 8 =    32.4278,    32.7701                 
# span 9 =          0,          2                 
# span 10 =      1.531,     44.830                
# span 11 = 0.0000e+00, 0.0000e+00                
# interval = seconds: 0.0416667
# start_time = Oct 12 2022 14:02:54 [System UTC, header]
# bad_flag = -9.990e-29
*END*
[from data line 2407]
    24.0399     30.430   40.94860  -71.00054    249.671     7.9894      8.098    15.9585    32.7670          0     44.483  0.000e+00
    24.0398     30.385   40.94860  -71.00054    249.669     7.9893      8.098    15.9585    32.7668          0     44.418  0.000e+00
    24.0395     30.507   40.94860  -71.00054    249.670     7.9893      8.103    15.9588    32.7666          0     44.596  0.000e+00
    24.0396     30.430   40.94860  -71.00054    249.666     7.9892      8.098    15.9587    32.7666          0     44.483  0.000e+00
    24.0394     30.482   40.94860  -71.00054    249.796     7.9934      8.098    15.9589    32.7664          0     44.558  0.000e+00
    24.0397     30.430   40.94860  -71.00054    249.671     7.9894      8.098    15.9588    32.7668          0     44.483  0.000e+00
    24.0394     30.430   40.94860  -71.00054    249.534     7.9850      8.098    15.9589    32.7665          0     44.483  0.000e+00
    24.0397     30.456   40.94860  -71.00054    249.504     7.9840      8.098    15.9587    32.7668          0     44.521  0.000e+00
    24.0394     30.482   40.94860  -71.00054    249.338     7.9787      8.098    15.9590    32.7665          0     44.558  0.000e+00
    24.0395     30.430   40.94860  -71.00054    249.425     7.9815      8.089    15.9588    32.7666          0     44.483  0.000e+00
    24.0394     30.430   40.94860  -71.00054    249.391     7.9804      8.098    15.9588    32.7665          0     44.483  0.000e+00
    24.0396     30.482   40.94860  -71.00054    249.372     7.9798      8.098    15.9589    32.7667          0     44.558  0.000e+00
    24.0395     30.411   40.94860  -71.00054    249.219     7.9749      8.098    15.9588    32.7666          0     44.455  0.000e+00
    24.0395     30.482   40.94860  -71.00054    249.188     7.9739      8.098    15.9589    32.7666          0     44.558  0.000e+00
    24.0396     30.430   40.94860  -71.00054    249.007     7.9681      8.098    15.9590    32.7667          0     44.483  0.000e+00
    24.0396     30.430   40.94860  -71.00054    248.949     7.9662      8.098    15.9589    32.7667          0     44.483  0.000e+00
    24.0388     30.430   40.94860  -71.00054    249.023     7.9686      8.093    15.9592    32.7658          0     44.483  0.000e+00
    24.0389     30.456   40.94860  -71.00054    248.859     7.9634      8.098    15.9594    32.7660          0     44.521  0.000e+00
    24.0390     30.430   40.94860  -71.00054    248.945     7.9661      8.098    15.9598    32.7662          0     44.483  0.000e+00
    24.0388     30.385   40.94860  -71.00054    248.783     7.9609      8.093    15.9597    32.7659          0     44.418  0.000e+00
    24.0387     30.430   40.94860  -71.00054    248.595     7.9549      8.098    15.9599    32.7658          0     44.483  0.000e+00
    24.0388     30.430   40.94860  -71.00054    248.541     7.9532      8.098    15.9599    32.7660          0     44.483  0.000e+00
    24.0389     30.411   40.94860  -71.00054    248.489     7.9515      8.098    15.9598    32.7661          0     44.455  0.000e+00
    24.0388     30.385   40.94860  -71.00054    248.438     7.9499      8.098    15.9597    32.7659          0     44.418  0.000e+00
    24.0390     30.385   40.94860  -71.00054    248.403     7.9488      8.098    15.9597    32.7661          0     44.418  0.000e+00
    24.0393     30.385   40.94860  -71.00054    248.357     7.9473      8.098    15.9596    32.7665          0     44.418  0.000e+00
    24.0391     30.385   40.94860  -71.00054    248.459     7.9506      8.093    15.9596    32.7663          0     44.418  0.000e+00
    24.0391     30.366   40.94860  -71.00054    248.296     7.9454      8.098    15.9596    32.7663          0     44.389  0.000e+00
    24.0392     30.340   40.94860  -71.00054    248.269     7.9445      8.098    15.9594    32.7664          0     44.352  0.000e+00
    24.0390     30.385   40.94860  -71.00054    248.230     7.9432      8.098    15.9596    32.7662          0     44.418  0.000e+00
    24.0391     30.340   40.94860  -71.00054    248.192     7.9420      8.098    15.9594    32.7662          0     44.352  0.000e+00
    24.0393     30.340   40.94860  -71.00054    248.170     7.9413      8.098    15.9594    32.7665          0     44.352  0.000e+00
    24.0391     30.296   40.94860  -71.00054    248.148     7.9406      8.098    15.9596    32.7663          0     44.286  0.000e+00
    24.0391     30.366   40.94860  -71.00054    248.147     7.9406      8.084    15.9596    32.7663          0     44.389  0.000e+00
    24.0387     30.296   40.94860  -71.00054    248.131     7.9401      8.098    15.9596    32.7658          0     44.286  0.000e+00
    24.0392     30.340   40.94860  -71.00054    248.133     7.9402      8.098    15.9596    32.7664          0     44.352  0.000e+00
    24.0390     30.296   40.94860  -71.00054    248.123     7.9398      8.098    15.9596    32.7662          0     44.286  0.000e+00
    24.0389     30.296   40.94860  -71.00054    248.130     7.9400      8.098    15.9596    32.7660          0     44.286  0.000e+00
    24.0388     30.270   40.94860  -71.00054    248.271     7.9446      8.098    15.9596    32.7659          0     44.249  0.000e+00
    24.0386     30.244   40.94860  -71.00054    248.295     7.9453      8.098    15.9597    32.7657          0     44.211  0.000e+00
    24.0392     30.296   40.94860  -71.00054    248.324     7.9463      8.103    15.9596    32.7664          0     44.286  0.000e+00
    24.0388     30.244   40.94860  -71.00054    248.219     7.9429      8.093    15.9598    32.7659          0     44.211  0.000e+00
    24.0391     30.244   40.94860  -71.00054    248.238     7.9435      8.098    15.9597    32.7664          0     44.211  0.000e+00
    24.0389     30.225   40.94860  -71.00054    248.245     7.9437      8.098    15.9598    32.7661          0     44.183  0.000e+00
    24.0384     30.244   40.94860  -71.00054    248.269     7.9445      8.098    15.9601    32.7656          0     44.211  0.000e+00
    24.0384     30.244   40.94860  -71.00054    248.297     7.9454      8.098    15.9599    32.7654          0     44.211  0.000e+00
    24.0388     30.199   40.94860  -71.00054    248.326     7.9463      8.098    15.9597    32.7659          0     44.146  0.000e+00
    24.0386     30.244   40.94860  -71.00054    248.358     7.9473      8.098    15.9601    32.7658          0     44.211  0.000e+00
    24.0381     30.225   40.94860  -71.00054    248.378     7.9480      8.098    15.9603    32.7652          0     44.183  0.000e+00
    24.0388     30.199   40.94860  -71.00054    248.401     7.9487      8.093    15.9601    32.7660          0     44.146  0.000e+00
    24.0389     30.199   40.94860  -71.00054    248.427     7.9496      8.093    15.9599    32.7661          0     44.146  0.000e+00
    24.0387     30.199   40.94860  -71.00054    248.455     7.9504      8.098    15.9601    32.7659          0     44.146  0.000e+00
    24.0391     30.199   40.94860  -71.00054    248.485     7.9514      8.098    15.9599    32.7663          0     44.146  0.000e+00
    24.0385     30.174   40.94860  -71.00054    248.530     7.9529      8.098    15.9603    32.7656          0     44.108  0.000e+00
    24.0384     30.199   40.94860  -71.00054    248.567     7.9540      8.098    15.9601    32.7655          0     44.146  0.000e+00
    24.0382     30.199   40.94860  -71.00054    248.458     7.9505      8.098    15.9603    32.7652          0     44.146  0.000e+00
    24.0386     30.154   40.94860  -71.00054    248.469     7.9509      8.098    15.9601    32.7658          0     44.080  0.000e+00
    24.0381     30.199   40.94860  -71.00054    248.471     7.9510      8.093    15.9601    32.7651          0     44.146  0.000e+00
    24.0383     30.174   40.94860  -71.00054    248.486     7.9514      8.098    15.9603    32.7654          0     44.108  0.000e+00
    24.0384     30.199   40.94860  -71.00054    248.506     7.9521      8.098    15.9601    32.7655          0     44.146  0.000e+00
    24.0383     30.199   40.94860  -71.00054    248.527     7.9527      8.098    15.9601    32.7653          0     44.146  0.000e+00
    24.0386     30.199   40.94860  -71.00054    248.403     7.9488      8.093    15.9599    32.7657          0     44.146  0.000e+00
    24.0386     30.154   40.94860  -71.00054    248.400     7.9487      8.098    15.9599    32.7657          0     44.080  0.000e+00
    24.0387     30.225   40.94860  -71.00054    248.388     7.9483      8.093    15.9599    32.7659          0     44.183  0.000e+00
    24.0384     30.199   40.94860  -71.00054    248.374     7.9479      8.098    15.9601    32.7655          0     44.146  0.000e+00
    24.0386     30.199   40.94860  -71.00054    248.378     7.9480      8.098    15.9599    32.7657          0     44.146  0.000e+00
    24.0386     30.199   40.94860  -71.00054    248.370     7.9477      8.098    15.9599    32.7657          0     44.146  0.000e+00
    24.0386     30.199   40.94860  -71.00054    248.377     7.9480      8.098    15.9599    32.7657          0     44.146  0.000e+00
    24.0383     30.225   40.94860  -71.00054    248.373     7.9478      8.098    15.9601    32.7653          0     44.183  0.000e+00
    24.0389     30.199   40.94860  -71.00054    248.356     7.9473      8.098    15.9597    32.7661          0     44.146  0.000e+00
    24.0388     30.244   40.94860  -71.00054    248.342     7.9468      8.098    15.9598    32.7659          0     44.211  0.000e+00
    24.0385     30.199   40.94860  -71.00054    248.327     7.9463      8.098    15.9597    32.7655          0     44.146  0.000e+00
    24.0387     30.244   40.94860  -71.00054    248.447     7.9502      8.098    15.9597    32.7657          0     44.211  0.000e+00
    24.0392     30.244   40.94860  -71.00054    248.447     7.9502      8.098    15.9596    32.7664          0     44.211  0.000e+00
    24.0391     30.225   40.94860  -71.00054    248.447     7.9502      8.098    15.9597    32.7664          0     44.183  0.000e+00
    24.0383     30.244   40.94860  -71.00054    248.331     7.9465      8.098    15.9599    32.7653          0     44.211  0.000e+00
    24.0386     30.244   40.94860  -71.00054    248.322     7.9462      8.098    15.9597    32.7657          0     44.211  0.000e+00
    24.0392     30.244   40.94860  -71.00054    248.446     7.9502      8.098    15.9594    32.7664          0     44.211  0.000e+00
    24.0393     30.296   40.94860  -71.00054    248.453     7.9504      8.098    15.9594    32.7664          0     44.286  0.000e+00
    24.0394     30.270   40.94860  -71.00054    248.458     7.9506      8.098    15.9592    32.7666          0     44.249  0.000e+00
    24.0392     30.296   40.94860  -71.00054    248.598     7.9550      8.098    15.9593    32.7663          0     44.286  0.000e+00
    24.0397     30.296   40.94860  -71.00054    248.619     7.9557      8.098    15.9588    32.7668          0     44.286  0.000e+00
    24.0395     30.296   40.94860  -71.00054    248.639     7.9563      8.098    15.9589    32.7665          0     44.286  0.000e+00
    24.0400     30.296   40.94860  -71.00054    248.526     7.9527      8.098    15.9587    32.7672          0     44.286  0.000e+00
    24.0398     30.315   40.94860  -71.00054    248.666     7.9572      8.098    15.9588    32.7670          0     44.314  0.000e+00
    24.0400     30.340   40.94860  -71.00054    248.555     7.9537      8.093    15.9585    32.7671          0     44.352  0.000e+00
    24.0396     30.340   40.94860  -71.00054    248.562     7.9539      8.098    15.9588    32.7667          0     44.352  0.000e+00
    24.0401     30.340   40.94860  -71.00054    248.584     7.9546      8.098    15.9585    32.7673          0     44.352  0.000e+00
    24.0403     30.340   40.94860  -71.00054    248.607     7.9553      8.098    15.9585    32.7675          0     44.352  0.000e+00
    24.0400     30.315   40.94860  -71.00054    248.630     7.9561      8.098    15.9586    32.7671          0     44.314  0.000e+00
    24.0404     30.385   40.94860  -71.00054    248.644     7.9565      8.098    15.9583    32.7676          0     44.418  0.000e+00
    24.0403     30.385   40.94860  -71.00054    248.524     7.9527      8.098    15.9583    32.7674          0     44.418  0.000e+00
    24.0401     30.340   40.94860  -71.00054    248.523     7.9526      8.098    15.9582    32.7672          0     44.352  0.000e+00
    24.0404     30.385   40.94860  -71.00054    248.524     7.9527      8.093    15.9583    32.7676          0     44.418  0.000e+00
    24.0404     30.411   40.94860  -71.00054    248.660     7.9570      8.098    15.9580    32.7676          0     44.455  0.000e+00
    24.0405     30.385   40.94860  -71.00054    248.542     7.9532      8.093    15.9582    32.7676          0     44.418  0.000e+00
    24.0405     30.385   40.94860  -71.00054    248.412     7.9491      8.098    15.9583    32.7677          0     44.418  0.000e+00
    24.0408     30.430   40.94860  -71.00054    248.539     7.9531      8.098    15.9578    32.7680          0     44.483  0.000e+00
    24.0402     30.430   40.94860  -71.00054    248.544     7.9533      8.098    15.9583    32.7674          0     44.483  0.000e+00
    24.0404     30.411   40.94860  -71.00054    248.552     7.9535      8.098    15.9580    32.7676          0     44.455  0.000e+00
    24.0407     30.430   40.94860  -71.00054    248.560     7.9538      8.098    15.9581    32.7679          0     44.483  0.000e+00
    24.0409     30.430   40.94860  -71.00054    248.703     7.9584      8.098    15.9578    32.7681          0     44.483  0.000e+00
    24.0405     30.430   40.94860  -71.00054    248.594     7.9549      8.098    15.9580    32.7677          0     44.483  0.000e+00
    24.0409     30.430   40.94860  -71.00054    248.605     7.9552      8.093    15.9579    32.7681          0     44.483  0.000e+00
    24.0409     30.456   40.94860  -71.00054    248.603     7.9552      8.098    15.9580    32.7682          0     44.521  0.000e+00
    24.0407     30.430   40.94860  -71.00054    248.603     7.9552      8.098    15.9579    32.7678          0     44.483  0.000e+00
    24.0406     30.482   40.94860  -71.00054    248.736     7.9594      8.098    15.9580    32.7678          0     44.558  0.000e+00
    24.0408     30.430   40.94860  -71.00054    248.614     7.9555      8.098    15.9581    32.7680          0     44.483  0.000e+00
    24.0411     30.482   40.94860  -71.00052    248.616     7.9556      8.098    15.9578    32.7683          0     44.558  0.000e+00
    24.0411     30.456   40.94860  -71.00052    248.616     7.9556      8.093    15.9578    32.7684          0     44.521  0.000e+00
    24.0407     30.430   40.94860  -71.00052    248.602     7.9551      8.093    15.9581    32.7679          0     44.483  0.000e+00
    24.0410     30.482   40.94860  -71.00052    248.723     7.9590      8.098    15.9580    32.7683          0     44.558  0.000e+00
    24.0413     30.482   40.94860  -71.00052    248.590     7.9548      8.098    15.9579    32.7686          0     44.558  0.000e+00
    24.0411     30.482   40.94860  -71.00052    248.710     7.9586      8.098    15.9578    32.7684          0     44.558  0.000e+00
    24.0412     30.456   40.94860  -71.00052    248.707     7.9585      8.098    15.9581    32.7686          0     44.521  0.000e+00
    24.0414     30.482   40.94860  -71.00052    248.841     7.9628      8.098    15.9578    32.7687          0     44.558  0.000e+00
    24.0409     30.482   40.94860  -71.00052    248.852     7.9631      8.093    15.9580    32.7682          0     44.558  0.000e+00
    24.0410     30.482   40.94860  -71.00052    248.861     7.9634      8.098    15.9581    32.7683          0     44.558  0.000e+00
    24.0406     30.430   40.94860  -71.00052    248.870     7.9637      8.098    15.9580    32.7678          0     44.483  0.000e+00
