cruise2/ctd/proc/FiveSamagainv0.cnv
* Sea-Bird SBE 9 Data File:
* FileName = C:\Users\Tech\Documents\DataFiles\SBE 9\FiveSamagain.hex
* Software Version Seasave V 7.26.7.107
* Temperature SN = 2735
* Conductivity SN = 2257
* Number of Bytes Per Scan = 44
* Number of Voltage Words = 4
* Number of Scans Averaged by the Deck Unit = 1
* NMEA Latitude = 40 56.91 N
* NMEA Longitude = 071 00.05 W
* NMEA UTC (Time) = Oct 12 2022  14:02:51
* NMEA baud rate = 4800
# nquan = 12
# nvalues = 5765                                  
# units = specified
# name 0 = sigma-t00: Density [sigma-t, kg/m^3 ]
# name 1 = depSM: Depth [salt water, m]
# name 2 = latitude: Latitude [deg]
# name 3 = longitude: Longitude [deg]
# name 4 = sbeox0Mm/L: Oxygen, SBE 43 [umol/l]
# name 5 = sbeox0Mg/L: Oxygen, SBE 43 [mg/l]
# name 6 = ph: pH
# name 7 = t090C: Temperature [ITS-90, deg C]
# name 8 = sal00: Salinity, Practical [PSU]
# name 9 = nbf: Bottles Fired
# name 10 = prDE: Pressure, Digiquartz [psi]
# name 11 = flag:  0.000e+00
# span 0 =    23.7153,    24.0424                 
# span 1 =      1.047,     30.668                 
# span 2 =   40.94848,   40.94874                 
# span 3 =  -71.00080,  -71.00016                 
# span 4 =    213.156,    294.211                 
# span 5 =     6.8209,     9.4146                 
# span 6 =      8.080,      8.157                 
# span 7 =    15.9149,    16.2421                 
# span 8 =    32.4278,    32.7701                 
# span 9 =          0,          2                 
# span 10 =      1.531,     44.830                
# span 11 = 0.0000e+00, 0.0000e+00                
# interval = seconds: 0.0416667
# start_time = Oct 12 2022 14:02:54 [System UTC, header]
# bad_flag = -9.990e-29
*END*
[from data line 1925]
    24.0163     25.906   40.94858  -71.00060    255.127     8.1639      8.112    15.9526    32.7346          0     37.870  0.000e+00
    24.0162     25.881   40.94858  -71.00060    255.248     8.1678      8.112    15.9529    32.7346          0     37.832  0.000e+00
    24.0159     25.970   40.94858  -71.00060    255.263     8.1683      8.112    15.9528    32.7341          0     37.964  0.000e+00
    24.0159     25.970   40.94858  -71.00060    255.280     8.1688      8.116    15.9530    32.7342          0     37.964  0.000e+00
    24.0158     26.022   40.94858  -71.00060    255.173     8.1654      8.112    15.9533    32.7341          0     38.039  0.000e+00
    24.0164     26.022   40.94858  -71.00060    255.324     8.1703      8.112    15.9534    32.7350          0     38.039  0.000e+00
    24.0158     26.067   40.94858  -71.00060    255.231     8.1673      8.112    15.9541    32.7343          0     38.104  0.000e+00
    24.0163     26.067   40.94858  -71.00060    255.119     8.1637      8.112    15.9540    32.7349          0     38.104  0.000e+00
    24.0163     26.112   40.94858  -71.00060    255.121     8.1637      8.107    15.9543    32.7351          0     38.170  0.000e+00
    24.0164     26.157   40.94858  -71.00060    255.263     8.1683      8.112    15.9543    32.7352          0     38.236  0.000e+00
    24.0165     26.157   40.94858  -71.00060    255.291     8.1692      8.103    15.9546    32.7354          0     38.236  0.000e+00
    24.0166     26.112   40.94858  -71.00060    255.322     8.1702      8.112    15.9551    32.7357          0     38.170  0.000e+00
    24.0166     26.279   40.94858  -71.00060    255.500     8.1759      8.112    15.9555    32.7359          0     38.414  0.000e+00
    24.0164     26.253   40.94858  -71.00060    255.425     8.1735      8.112    15.9561    32.7358          0     38.376  0.000e+00
    24.0161     26.253   40.94858  -71.00060    255.466     8.1748      8.112    15.9564    32.7354          0     38.376  0.000e+00
    24.0164     26.253   40.94858  -71.00060    255.497     8.1758      8.112    15.9566    32.7358          0     38.376  0.000e+00
    24.0170     26.298   40.94858  -71.00060    255.535     8.1770      8.112    15.9569    32.7368          0     38.442  0.000e+00
    24.0166     26.349   40.94858  -71.00060    255.724     8.1831      8.098    15.9577    32.7365          0     38.517  0.000e+00
    24.0167     26.349   40.94858  -71.00060    255.786     8.1850      8.112    15.9580    32.7367          0     38.517  0.000e+00
    24.0167     26.349   40.94858  -71.00060    255.852     8.1872      8.107    15.9584    32.7368          0     38.517  0.000e+00
    24.0170     26.394   40.94858  -71.00060    255.912     8.1891      8.112    15.9585    32.7372          0     38.583  0.000e+00
    24.0173     26.394   40.94858  -71.00060    255.828     8.1864      8.107    15.9588    32.7376          0     38.583  0.000e+00
    24.0166     26.420   40.94858  -71.00060    256.002     8.1919      8.107    15.9592    32.7369          0     38.620  0.000e+00
    24.0170     26.439   40.94858  -71.00060    255.927     8.1896      8.112    15.9593    32.7374          0     38.648  0.000e+00
    24.0169     26.490   40.94858  -71.00060    255.977     8.1911      8.103    15.9596    32.7374          0     38.723  0.000e+00
    24.0171     26.439   40.94858  -71.00060    256.162     8.1971      8.107    15.9596    32.7376          0     38.648  0.000e+00
    24.0168     26.535   40.94858  -71.00060    256.222     8.1990      8.112    15.9598    32.7373          0     38.789  0.000e+00
    24.0170     26.490   40.94858  -71.00060    256.280     8.2009      8.107    15.9599    32.7376          0     38.723  0.000e+00
    24.0173     26.535   40.94858  -71.00060    256.200     8.1983      8.112    15.9598    32.7379          0     38.789  0.000e+00
    24.0171     26.535   40.94858  -71.00060    256.373     8.2038      8.112    15.9597    32.7377          0     38.789  0.000e+00
    24.0168     26.580   40.94858  -71.00060    256.431     8.2057      8.112    15.9599    32.7374          0     38.855  0.000e+00
    24.0169     26.580   40.94858  -71.00060    256.489     8.2075      8.116    15.9601    32.7375          0     38.855  0.000e+00
    24.0168     26.561   40.94858  -71.00060    256.548     8.2094      8.107    15.9604    32.7375          0     38.827  0.000e+00
    24.0170     26.631   40.94858  -71.00060    256.599     8.2111      8.107    15.9608    32.7378          0     38.930  0.000e+00
    24.0170     26.631   40.94858  -71.00060    256.649     8.2127      8.107    15.9613    32.7381          0     38.930  0.000e+00
    24.0174     26.631   40.94858  -71.00060    256.553     8.2096      8.107    15.9620    32.7388          0     38.930  0.000e+00
    24.0172     26.676   40.94858  -71.00060    256.435     8.2058      8.107    15.9626    32.7387          0     38.995  0.000e+00
    24.0171     26.676   40.94858  -71.00060    256.582     8.2105      8.107    15.9633    32.7388          0     38.995  0.000e+00
    24.0170     26.676   40.94858  -71.00060    256.600     8.2111      8.107    15.9638    32.7388          0     38.995  0.000e+00
    24.0171     26.721   40.94858  -71.00060    256.623     8.2118      8.107    15.9639    32.7389          0     39.061  0.000e+00
    24.0170     26.676   40.94858  -71.00060    256.512     8.2083      8.107    15.9642    32.7389          0     38.995  0.000e+00
    24.0165     26.753   40.94858  -71.00060    256.526     8.2087      8.107    15.9646    32.7384          0     39.108  0.000e+00
    24.0169     26.773   40.94858  -71.00060    256.393     8.2045      8.107    15.9647    32.7389          0     39.136  0.000e+00
    24.0178     26.721   40.94858  -71.00060    256.368     8.2037      8.107    15.9643    32.7399          0     39.061  0.000e+00
    24.0176     26.773   40.94858  -71.00060    256.494     8.2077      8.107    15.9644    32.7398          0     39.136  0.000e+00
    24.0177     26.818   40.94858  -71.00060    256.369     8.2037      8.107    15.9645    32.7398          0     39.202  0.000e+00
    24.0179     26.773   40.94858  -71.00060    256.348     8.2030      8.107    15.9646    32.7401          0     39.136  0.000e+00
    24.0177     26.818   40.94858  -71.00060    256.198     8.1982      8.107    15.9650    32.7400          0     39.202  0.000e+00
    24.0175     26.862   40.94858  -71.00060    256.168     8.1973      8.107    15.9656    32.7399          0     39.267  0.000e+00
    24.0177     26.818   40.94858  -71.00060    255.991     8.1916      8.107    15.9661    32.7403          0     39.202  0.000e+00
    24.0177     26.862   40.94858  -71.00060    255.954     8.1904      8.107    15.9662    32.7404          0     39.267  0.000e+00
    24.0178     26.895   40.94858  -71.00060    255.919     8.1893      8.107    15.9666    32.7406          0     39.314  0.000e+00
    24.0178     26.862   40.94858  -71.00060    255.753     8.1840      8.107    15.9667    32.7406          0     39.267  0.000e+00
    24.0179     26.914   40.94858  -71.00060    255.700     8.1823      8.107    15.9666    32.7408          0     39.343  0.000e+00
    24.0176     26.914   40.94858  -71.00060    255.661     8.1810      8.107    15.9667    32.7404          0     39.343  0.000e+00
    24.0177     26.959   40.94858  -71.00060    255.613     8.1795      8.107    15.9667    32.7405          0     39.408  0.000e+00
    24.0179     26.959   40.94858  -71.00060    255.418     8.1733      8.107    15.9669    32.7409          0     39.408  0.000e+00
    24.0179     26.914   40.94858  -71.00060    255.212     8.1667      8.107    15.9671    32.7409          0     39.343  0.000e+00
    24.0180     27.004   40.94858  -71.00060    255.146     8.1646      8.107    15.9674    32.7411          0     39.474  0.000e+00
    24.0178     26.959   40.94858  -71.00060    255.078     8.1624      8.107    15.9680    32.7411          0     39.408  0.000e+00
    24.0184     27.029   40.94858  -71.00060    255.021     8.1606      8.107    15.9678    32.7417          0     39.511  0.000e+00
    24.0181     27.004   40.94858  -71.00060    254.843     8.1549      8.107    15.9685    32.7416          0     39.474  0.000e+00
    24.0180     27.055   40.94858  -71.00058    254.781     8.1529      8.107    15.9685    32.7414          0     39.549  0.000e+00
    24.0185     27.004   40.94858  -71.00058    254.585     8.1466      8.112    15.9686    32.7422          0     39.474  0.000e+00
    24.0185     27.055   40.94858  -71.00058    254.517     8.1444      8.107    15.9690    32.7422          0     39.549  0.000e+00
    24.0187     27.100   40.94858  -71.00058    254.455     8.1424      8.107    15.9691    32.7425          0     39.615  0.000e+00
    24.0183     27.100   40.94858  -71.00058    254.411     8.1410      8.107    15.9693    32.7420          0     39.615  0.000e+00
    24.0187     27.100   40.94858  -71.00058    254.372     8.1398      8.107    15.9693    32.7426          0     39.615  0.000e+00
    24.0188     27.081   40.94858  -71.00058    254.205     8.1345      8.107    15.9695    32.7428          0     39.586  0.000e+00
    24.0183     27.145   40.94858  -71.00058    254.165     8.1332      8.107    15.9700    32.7423          0     39.680  0.000e+00
    24.0186     27.145   40.94858  -71.00058    254.118     8.1317      8.107    15.9698    32.7426          0     39.680  0.000e+00
    24.0188     27.145   40.94858  -71.00058    253.953     8.1264      8.107    15.9705    32.7431          0     39.680  0.000e+00
    24.0193     27.190   40.94858  -71.00058    253.902     8.1248      8.103    15.9710    32.7438          0     39.746  0.000e+00
    24.0191     27.190   40.94858  -71.00058    253.856     8.1233      8.107    15.9717    32.7438          0     39.746  0.000e+00
    24.0193     27.190   40.94858  -71.00058    253.829     8.1224      8.107    15.9724    32.7442          0     39.746  0.000e+00
    24.0193     27.190   40.94858  -71.00058    253.812     8.1219      8.103    15.9726    32.7443          0     39.746  0.000e+00
    24.0192     27.241   40.94858  -71.00058    253.803     8.1216      8.107    15.9729    32.7443          0     39.821  0.000e+00
    24.0196     27.222   40.94858  -71.00058    253.653     8.1168      8.112    15.9729    32.7447          0     39.793  0.000e+00
    24.0196     27.241   40.94858  -71.00058    253.645     8.1165      8.103    15.9729    32.7448          0     39.821  0.000e+00
    24.0195     27.286   40.94858  -71.00058    253.643     8.1165      8.107    15.9732    32.7448          0     39.887  0.000e+00
    24.0198     27.241   40.94858  -71.00058    253.646     8.1166      8.103    15.9732    32.7452          0     39.821  0.000e+00
    24.0207     27.286   40.94858  -71.00058    253.659     8.1170      8.103    15.9732    32.7463          0     39.887  0.000e+00
    24.0207     27.286   40.94858  -71.00058    253.545     8.1133      8.107    15.9734    32.7464          0     39.887  0.000e+00
    24.0209     27.331   40.94858  -71.00058    253.693     8.1181      8.107    15.9734    32.7466          0     39.952  0.000e+00
    24.0212     27.331   40.94858  -71.00058    253.581     8.1145      8.107    15.9734    32.7470          0     39.952  0.000e+00
    24.0217     27.312   40.94858  -71.00058    253.449     8.1103      8.107    15.9732    32.7477          0     39.924  0.000e+00
    24.0215     27.331   40.94858  -71.00058    253.591     8.1148      8.103    15.9734    32.7474          0     39.952  0.000e+00
    24.0217     27.382   40.94858  -71.00058    253.489     8.1115      8.103    15.9734    32.7476          0     40.027  0.000e+00
    24.0221     27.382   40.94858  -71.00058    253.646     8.1166      8.107    15.9732    32.7481          0     40.027  0.000e+00
    24.0218     27.382   40.94858  -71.00058    253.676     8.1175      8.103    15.9734    32.7477          0     40.027  0.000e+00
    24.0220     27.382   40.94858  -71.00058    253.713     8.1187      8.103    15.9735    32.7481          0     40.027  0.000e+00
    24.0224     27.382   40.94858  -71.00058    253.610     8.1154      8.107    15.9734    32.7485          0     40.027  0.000e+00
    24.0222     27.427   40.94858  -71.00058    253.635     8.1162      8.103    15.9734    32.7483          0     40.093  0.000e+00
    24.0225     27.408   40.94858  -71.00058    253.679     8.1176      8.107    15.9732    32.7487          0     40.065  0.000e+00
    24.0229     27.427   40.94858  -71.00058    253.584     8.1146      8.103    15.9732    32.7492          0     40.093  0.000e+00
    24.0232     27.472   40.94858  -71.00058    253.616     8.1156      8.103    15.9732    32.7496          0     40.159  0.000e+00
    24.0237     27.472   40.94858  -71.00058    253.643     8.1165      8.103    15.9727    32.7501          0     40.159  0.000e+00
    24.0236     27.472   40.94858  -71.00058    253.805     8.1216      8.103    15.9731    32.7501          0     40.159  0.000e+00
    24.0240     27.472   40.94858  -71.00058    253.577     8.1143      8.103    15.9729    32.7505          0     40.159  0.000e+00
    24.0242     27.472   40.94858  -71.00058    253.593     8.1149      8.103    15.9729    32.7508          0     40.159  0.000e+00
    24.0242     27.523   40.94858  -71.00058    253.619     8.1157      8.103    15.9727    32.7508          0     40.234  0.000e+00
    24.0243     27.504   40.94858  -71.00058    253.635     8.1162      8.103    15.9727    32.7509          0     40.206  0.000e+00
    24.0246     27.523   40.94858  -71.00058    253.658     8.1169      8.103    15.9726    32.7512          0     40.234  0.000e+00
    24.0249     27.568   40.94858  -71.00058    253.687     8.1179      8.103    15.9726    32.7516          0     40.299  0.000e+00
    24.0250     27.523   40.94858  -71.00058    253.589     8.1147      8.103    15.9724    32.7517          0     40.234  0.000e+00
    24.0252     27.568   40.94858  -71.00058    253.605     8.1152      8.103    15.9722    32.7518          0     40.299  0.000e+00
    24.0248     27.568   40.94858  -71.00058    253.479     8.1112      8.103    15.9722    32.7513          0     40.299  0.000e+00
    24.0249     27.613   40.94858  -71.00058    253.480     8.1113      8.103    15.9721    32.7514          0     40.365  0.000e+00
    24.0256     27.568   40.94858  -71.00058    253.616     8.1156      8.103    15.9719    32.7523          0     40.299  0.000e+00
    24.0253     27.645   40.94858  -71.00058    253.510     8.1122      8.103    15.9721    32.7519          0     40.412  0.000e+00
    24.0254     27.613   40.94858  -71.00058    253.381     8.1081      8.103    15.9717    32.7519          0     40.365  0.000e+00
    24.0255     27.665   40.94858  -71.00058    253.379     8.1080      8.103    15.9715    32.7520          0     40.440  0.000e+00
    24.0259     27.613   40.94858  -71.00058    253.365     8.1076      8.103    15.9714    32.7526          0     40.365  0.000e+00
    24.0260     27.709   40.94858  -71.00058    253.228     8.1032      8.112    15.9714    32.7527          0     40.506  0.000e+00
    24.0262     27.665   40.94858  -71.00058    253.213     8.1027      8.103    15.9712    32.7529          0     40.440  0.000e+00
    24.0263     27.709   40.94858  -71.00058    253.208     8.1025      8.103    15.9710    32.7530          0     40.506  0.000e+00
    24.0266     27.709   40.94858  -71.00058    253.074     8.0982      8.103    15.9709    32.7533          0     40.506  0.000e+00
    24.0270     27.735   40.94858  -71.00058    253.052     8.0975      8.103    15.9708    32.7538          0     40.543  0.000e+00
    24.0269     27.709   40.94858  -71.00058    252.903     8.0928      8.103    15.9707    32.7536          0     40.506  0.000e+00
    24.0270     27.754   40.94858  -71.00058    252.750     8.0879      8.098    15.9705    32.7537          0     40.571  0.000e+00
