cruise2/ctd/proc/FiveSamv0.cnv
* Sea-Bird SBE 9 Data File:
* FileName = C:\Users\Tech\Documents\DataFiles\SBE 9\FiveSam.hex
* Software Version Seasave V 7.26.7.107
* Temperature SN = 2735
* Conductivity SN = 2257
* Number of Bytes Per Scan = 44
* Number of Voltage Words = 4
* Number of Scans Averaged by the Deck Unit = 1
* NMEA Latitude = 40 56.85 N
* NMEA Longitude = 071 00.19 W
* NMEA UTC (Time) = Oct 12 2022  13:46:46
* NMEA baud rate = 4800
# nquan = 12
# nvalues = 17724                                 
# units = specified
# name 0 = sigma-t00: Density [sigma-t, kg/m^3 ]
# name 1 = depSM: Depth [salt water, m]
# name 2 = latitude: Latitude [deg]
# name 3 = longitude: Longitude [deg]
# name 4 = sbeox0Mm/L: Oxygen, SBE 43 [umol/l]
# name 5 = sbeox0Mg/L: Oxygen, SBE 43 [mg/l]
# name 6 = ph: pH
# name 7 = t090C: Temperature [ITS-90, deg C]
# name 8 = sal00: Salinity, Practical [PSU]
# name 9 = nbf: Bottles Fired
# name 10 = prDE: Pressure, Digiquartz [psi]
# name 11 = flag:  0.000e+00
# span 0 =    23.7232,    24.2505                 
# span 1 =      1.035,     46.247                 
# span 2 =   40.94744,   40.94824                 
# span 3 =  -71.00314,  -71.00138                 
# span 4 =    185.957,    277.596                 
# span 5 =     5.9505,     8.8830                 
# span 6 =      7.962,      8.157                 
# span 7 =    15.4280,    16.2507                 
# span 8 =    32.4370,    32.9080                 
# span 9 =          0,          8                 
# span 10 =      1.513,     67.606                
# span 11 = 0.0000e+00, 0.0000e+00                
# interval = seconds: 0.0416667
# start_time = Oct 12 2022 13:46:49 [System UTC, header]
# bad_flag = -9.990e-29
*END*
[from data line 1925]
    24.0621     39.118   40.94754  -71.00298    245.831     7.8665      8.093    15.9719    32.7998          0     57.185  0.000e+00
    24.0627     39.195   40.94754  -71.00298    245.809     7.8658      8.093    15.9721    32.8006          0     57.297  0.000e+00
    24.0633     39.285   40.94754  -71.00298    245.769     7.8645      8.093    15.9722    32.8014          0     57.429  0.000e+00
    24.0636     39.304   40.94754  -71.00298    245.613     7.8595      8.093    15.9729    32.8020          0     57.457  0.000e+00
    24.0643     39.381   40.94754  -71.00298    245.589     7.8587      8.093    15.9734    32.8030          0     57.569  0.000e+00
    24.0650     39.356   40.94754  -71.00298    245.554     7.8576      8.093    15.9745    32.8043          0     57.532  0.000e+00
    24.0660     39.426   40.94754  -71.00298    245.545     7.8573      8.093    15.9753    32.8058          0     57.635  0.000e+00
    24.0667     39.542   40.94754  -71.00298    245.548     7.8574      8.093    15.9762    32.8071          0     57.804  0.000e+00
    24.0679     39.523   40.94754  -71.00298    245.422     7.8534      8.093    15.9771    32.8089          0     57.776  0.000e+00
    24.0687     39.619   40.94754  -71.00298    245.298     7.8494      8.093    15.9779    32.8102          0     57.917  0.000e+00
    24.0692     39.638   40.94754  -71.00298    245.171     7.8454      8.089    15.9784    32.8109          0     57.945  0.000e+00
    24.0694     39.709   40.94754  -71.00298    245.177     7.8455      8.093    15.9789    32.8113          0     58.048  0.000e+00
    24.0694     39.728   40.94754  -71.00298    245.177     7.8456      8.089    15.9795    32.8115          0     58.076  0.000e+00
    24.0698     39.760   40.94754  -71.00298    245.190     7.8460      8.089    15.9799    32.8121          0     58.123  0.000e+00
    24.0699     39.869   40.94754  -71.00298    245.082     7.8425      8.089    15.9805    32.8125          0     58.283  0.000e+00
    24.0702     39.850   40.94754  -71.00298    245.100     7.8431      8.093    15.9813    32.8131          0     58.254  0.000e+00
    24.0703     39.965   40.94754  -71.00298    245.123     7.8438      8.089    15.9814    32.8133          0     58.423  0.000e+00
    24.0707     39.946   40.94754  -71.00298    245.018     7.8405      8.093    15.9816    32.8138          0     58.395  0.000e+00
    24.0706     40.042   40.94754  -71.00298    245.034     7.8410      8.089    15.9819    32.8138          0     58.536  0.000e+00
    24.0713     40.055   40.94754  -71.00298    244.925     7.8375      8.084    15.9820    32.8147          0     58.555  0.000e+00
    24.0713     40.132   40.94754  -71.00298    244.933     7.8377      8.089    15.9826    32.8149          0     58.667  0.000e+00
    24.0713     40.152   40.94754  -71.00298    244.814     7.8339      8.089    15.9837    32.8152          0     58.695  0.000e+00
    24.0713     40.229   40.94754  -71.00298    244.698     7.8302      8.089    15.9843    32.8154          0     58.808  0.000e+00
    24.0714     40.248   40.94754  -71.00298    244.844     7.8349      8.089    15.9847    32.8157          0     58.836  0.000e+00
    24.0722     40.273   40.94754  -71.00298    244.866     7.8356      8.089    15.9855    32.8169          0     58.874  0.000e+00
    24.0736     40.338   40.94754  -71.00298    244.759     7.8322      8.089    15.9873    32.8193          0     58.967  0.000e+00
    24.0774     40.415   40.94754  -71.00298    244.644     7.8285      8.089    15.9894    32.8248          0     59.080  0.000e+00
    24.0828     40.466   40.94754  -71.00298    244.632     7.8281      8.089    15.9908    32.8323          0     59.155  0.000e+00
    24.0877     40.434   40.94754  -71.00298    244.636     7.8282      8.089    15.9911    32.8387          0     59.108  0.000e+00
    24.0924     40.556   40.94754  -71.00298    244.531     7.8249      8.089    15.9897    32.8444          0     59.286  0.000e+00
    24.0965     40.575   40.94754  -71.00298    244.536     7.8250      8.089    15.9870    32.8489          0     59.315  0.000e+00
    24.1006     40.601   40.94754  -71.00298    244.552     7.8256      8.089    15.9838    32.8534          0     59.352  0.000e+00
    24.1040     40.671   40.94754  -71.00298    244.563     7.8259      8.089    15.9816    32.8571          0     59.455  0.000e+00
    24.1074     40.697   40.94754  -71.00298    244.447     7.8222      8.089    15.9795    32.8610          0     59.493  0.000e+00
    24.1106     40.761   40.94754  -71.00298    244.461     7.8226      8.089    15.9755    32.8639          0     59.587  0.000e+00
    24.1155     40.793   40.94754  -71.00298    244.507     7.8241      8.089    15.9664    32.8677          0     59.634  0.000e+00
    24.1201     40.902   40.94754  -71.00298    244.434     7.8218      8.084    15.9573    32.8710          0     59.793  0.000e+00
    24.1251     40.883   40.94754  -71.00298    244.340     7.8188      8.080    15.9479    32.8748          0     59.765  0.000e+00
    24.1294     40.934   40.94754  -71.00298    244.366     7.8196      8.084    15.9409    32.8783          0     59.840  0.000e+00
    24.1328     40.999   40.94754  -71.00298    244.377     7.8199      8.084    15.9361    32.8813          0     59.934  0.000e+00
    24.1350     41.024   40.94754  -71.00298    244.390     7.8204      8.084    15.9329    32.8833          0     59.971  0.000e+00
    24.1371     41.088   40.94754  -71.00298    244.412     7.8211      8.084    15.9299    32.8851          0     60.065  0.000e+00
    24.1401     41.165   40.94754  -71.00298    244.320     7.8181      8.084    15.9252    32.8876          0     60.178  0.000e+00
    24.1430     41.185   40.94754  -71.00298    244.214     7.8147      8.080    15.9195    32.8898          0     60.206  0.000e+00
    24.1465     41.217   40.94754  -71.00298    244.227     7.8152      8.080    15.9131    32.8924          0     60.253  0.000e+00
    24.1516     41.326   40.94754  -71.00298    244.252     7.8159      8.080    15.9062    32.8970          0     60.412  0.000e+00
    24.1572     41.307   40.94754  -71.00298    244.295     7.8173      8.075    15.8967    32.9016          0     60.384  0.000e+00
    24.1625     41.422   40.94754  -71.00298    244.114     7.8115      8.075    15.8826    32.9044          0     60.553  0.000e+00
    24.1679     41.448   40.94754  -71.00298    244.212     7.8147      8.075    15.8626    32.9055          0     60.590  0.000e+00
    24.1730     41.467   40.94754  -71.00298    244.308     7.8178      8.076    15.8424    32.9062          0     60.619  0.000e+00
    24.1772     41.499   40.94754  -71.00298    244.133     7.8121      8.076    15.8254    32.9069          0     60.666  0.000e+00
    24.1812     41.608   40.94754  -71.00296    244.064     7.8099      8.057    15.8107    32.9077          0     60.825  0.000e+00
    24.1844     41.685   40.94754  -71.00296    243.980     7.8072      8.071    15.7960    32.9076          0     60.938  0.000e+00
    24.1877     41.698   40.94754  -71.00296    244.057     7.8097      8.071    15.7756    32.9060          0     60.956  0.000e+00
    24.1923     41.730   40.94754  -71.00296    244.040     7.8092      8.067    15.7500    32.9046          0     61.003  0.000e+00
    24.1967     41.794   40.94754  -71.00296    244.151     7.8127      8.067    15.7255    32.9032          0     61.097  0.000e+00
    24.2008     41.871   40.94754  -71.00296    243.991     7.8076      8.058    15.7041    32.9023          0     61.210  0.000e+00
    24.2044     41.891   40.94754  -71.00296    243.924     7.8055      8.062    15.6846    32.9014          0     61.238  0.000e+00
    24.2070     41.968   40.94754  -71.00296    243.832     7.8025      8.062    15.6677    32.8999          0     61.350  0.000e+00
    24.2096     42.032   40.94754  -71.00296    243.721     7.7990      8.062    15.6515    32.8986          0     61.444  0.000e+00
    24.2113     42.057   40.94754  -71.00296    243.587     7.7947      8.062    15.6395    32.8974          0     61.482  0.000e+00
    24.2133     42.122   40.94754  -71.00296    243.454     7.7904      8.058    15.6274    32.8964          0     61.576  0.000e+00
    24.2146     42.199   40.94754  -71.00296    243.325     7.7863      8.058    15.6151    32.8945          0     61.688  0.000e+00
    24.2173     42.218   40.94754  -71.00296    243.178     7.7816      8.053    15.6030    32.8945          0     61.716  0.000e+00
    24.2194     42.340   40.94754  -71.00296    242.890     7.7724      8.053    15.5931    32.8944          0     61.895  0.000e+00
    24.2211     42.359   40.94754  -71.00296    242.713     7.7667      8.049    15.5849    32.8943          0     61.923  0.000e+00
    24.2227     42.391   40.94754  -71.00296    242.516     7.7604      8.049    15.5784    32.8946          0     61.970  0.000e+00
    24.2237     42.455   40.94754  -71.00296    242.179     7.7496      8.049    15.5740    32.8946          0     62.064  0.000e+00
    24.2248     42.532   40.94754  -71.00296    242.080     7.7464      8.044    15.5708    32.8950          0     62.176  0.000e+00
    24.2251     42.545   40.94754  -71.00296    241.723     7.7350      8.044    15.5687    32.8948          0     62.195  0.000e+00
    24.2252     42.622   40.94754  -71.00296    241.342     7.7228      8.044    15.5674    32.8946          0     62.308  0.000e+00
    24.2255     42.686   40.94754  -71.00296    240.949     7.7103      8.040    15.5638    32.8940          0     62.401  0.000e+00
    24.2264     42.815   40.94754  -71.00296    240.573     7.6982      8.040    15.5586    32.8936          0     62.589  0.000e+00
    24.2268     42.783   40.94754  -71.00296    240.189     7.6859      8.040    15.5532    32.8926          0     62.542  0.000e+00
    24.2273     42.815   40.94754  -71.00296    239.921     7.6774      8.049    15.5479    32.8917          0     62.589  0.000e+00
    24.2283     42.969   40.94754  -71.00296    239.513     7.6643      8.035    15.5430    32.8916          0     62.814  0.000e+00
    24.2299     42.956   40.94754  -71.00296    238.962     7.6467      8.031    15.5379    32.8922          0     62.795  0.000e+00
    24.2307     43.014   40.94754  -71.00296    238.397     7.6286      8.031    15.5329    32.8918          0     62.880  0.000e+00
    24.2312     43.097   40.94754  -71.00296    237.941     7.6140      8.031    15.5275    32.8910          0     63.002  0.000e+00
    24.2323     43.155   40.94754  -71.00296    237.488     7.5995      8.035    15.5213    32.8907          0     63.086  0.000e+00
    24.2335     43.187   40.94754  -71.00296    236.762     7.5763      8.026    15.5157    32.8906          0     63.133  0.000e+00
    24.2340     43.251   40.94754  -71.00296    236.279     7.5608      8.031    15.5108    32.8898          0     63.227  0.000e+00
    24.2346     43.283   40.94754  -71.00296    235.644     7.5405      8.026    15.5070    32.8895          0     63.274  0.000e+00
    24.2353     43.392   40.94754  -71.00296    235.134     7.5242      8.026    15.5040    32.8895          0     63.433  0.000e+00
    24.2356     43.424   40.94754  -71.00296    234.353     7.4992      8.026    15.5023    32.8894          0     63.480  0.000e+00
    24.2357     43.437   40.94754  -71.00296    233.669     7.4773      8.022    15.5013    32.8892          0     63.499  0.000e+00
    24.2358     43.514   40.94754  -71.00296    232.834     7.4506      8.022    15.5004    32.8892          0     63.612  0.000e+00
    24.2357     43.534   40.94754  -71.00296    232.119     7.4277      8.022    15.4992    32.8887          0     63.640  0.000e+00
    24.2363     43.611   40.94754  -71.00296    231.277     7.4007      8.022    15.4964    32.8886          0     63.752  0.000e+00
    24.2369     43.675   40.94754  -71.00296    230.561     7.3778      8.017    15.4928    32.8884          0     63.846  0.000e+00
    24.2375     43.656   40.94754  -71.00296    229.709     7.3506      8.017    15.4897    32.8883          0     63.818  0.000e+00
    24.2382     43.765   40.94754  -71.00296    228.700     7.3183      8.017    15.4877    32.8886          0     63.978  0.000e+00
    24.2388     43.816   40.94754  -71.00296    227.789     7.2891      8.013    15.4856    32.8889          0     64.053  0.000e+00
    24.2390     43.848   40.94754  -71.00296    226.738     7.2555      8.017    15.4839    32.8886          0     64.100  0.000e+00
    24.2395     43.861   40.94754  -71.00296    225.810     7.2258      8.013    15.4816    32.8885          0     64.118  0.000e+00
    24.2398     43.893   40.94754  -71.00296    224.882     7.1961      8.013    15.4796    32.8883          0     64.165  0.000e+00
    24.2409     43.957   40.94754  -71.00296    223.931     7.1657      8.013    15.4771    32.8891          0     64.259  0.000e+00
    24.2414     43.938   40.94754  -71.00296    222.848     7.1310      8.013    15.4749    32.8891          0     64.231  0.000e+00
    24.2418     44.047   40.94754  -71.00296    221.761     7.0963      8.013    15.4730    32.8890          0     64.390  0.000e+00
    24.2424     44.034   40.94754  -71.00296    220.771     7.0646      8.013    15.4715    32.8894          0     64.372  0.000e+00
    24.2427     44.098   40.94754  -71.00296    219.645     7.0285      8.008    15.4703    32.8894          0     64.466  0.000e+00
    24.2427     44.130   40.94754  -71.00296    218.501     6.9919      8.008    15.4699    32.8894          0     64.512  0.000e+00
    24.2431     44.143   40.94754  -71.00296    217.361     6.9554      8.017    15.4691    32.8897          0     64.531  0.000e+00
    24.2429     44.143   40.94754  -71.00296    216.211     6.9186      8.008    15.4686    32.8893          0     64.531  0.000e+00
    24.2433     44.220   40.94754  -71.00296    215.074     6.8823      8.003    15.4673    32.8894          0     64.644  0.000e+00
    24.2440     44.239   40.94754  -71.00296    213.917     6.8453      8.003    15.4656    32.8899          0     64.672  0.000e+00
    24.2444     44.272   40.94754  -71.00296    212.761     6.8082      8.003    15.4639    32.8898          0     64.719  0.000e+00
    24.2448     44.284   40.94754  -71.00296    211.735     6.7754      8.013    15.4629    32.8900          0     64.738  0.000e+00
    24.2452     44.316   40.94754  -71.00296    210.592     6.7389      8.008    15.4619    32.8903          0     64.784  0.000e+00
    24.2457     44.381   40.94754  -71.00296    209.586     6.7067      8.003    15.4615    32.8909          0     64.878  0.000e+00
    24.2450     44.361   40.94754  -71.00296    208.464     6.6708      8.003    15.4615    32.8899          0     64.850  0.000e+00
    24.2459     44.426   40.94754  -71.00296    207.496     6.6398      8.003    15.4588    32.8903          0     64.944  0.000e+00
    24.2466     44.413   40.94754  -71.00296    206.414     6.6052      8.003    15.4564    32.8906          0     64.925  0.000e+00
    24.2474     44.522   40.94754  -71.00296    205.333     6.5706      8.003    15.4540    32.8909          0     65.085  0.000e+00
    24.2478     44.522   40.94754  -71.00296    204.396     6.5406      8.003    15.4523    32.8910          0     65.085  0.000e+00
    24.2481     44.554   40.94754  -71.00296    203.353     6.5072      8.003    15.4515    32.8911          0     65.132  0.000e+00
    24.2485     44.567   40.94754  -71.00296    202.446     6.4782      8.003    15.4511    32.8915          0     65.150  0.000e+00
    24.2481     44.599   40.94754  -71.00296    201.588     6.4507      8.003    15.4509    32.8910          0     65.197  0.000e+00
    24.2485     44.612   40.94754  -71.00296    200.615     6.4196      7.999    15.4508    32.8914          0     65.216  0.000e+00
    24.2487     44.644   40.94754  -71.00296    199.654     6.3888      8.003    15.4502    32.8915          0     65.263  0.000e+00
