cruise2/ctd/proc/FiveSamv0.cnv
* Sea-Bird SBE 9 Data File:
* FileName = C:\Users\Tech\Documents\DataFiles\SBE 9\FiveSam.hex
* Software Version Seasave V 7.26.7.107
* Temperature SN = 2735
* Conductivity SN = 2257
* Number of Bytes Per Scan = 44
* Number of Voltage Words = 4
* Number of Scans Averaged by the Deck Unit = 1
* NMEA Latitude = 40 56.85 N
* NMEA Longitude = 071 00.19 W
* NMEA UTC (Time) = Oct 12 2022  13:46:46
* NMEA baud rate = 4800
# nquan = 12
# nvalues = 17724                                 
# units = specified
# name 0 = sigma-t00: Density [sigma-t, kg/m^3 ]
# name 1 = depSM: Depth [salt water, m]
# name 2 = latitude: Latitude [deg]
# name 3 = longitude: Longitude [deg]
# name 4 = sbeox0Mm/L: Oxygen, SBE 43 [umol/l]
# name 5 = sbeox0Mg/L: Oxygen, SBE 43 [mg/l]
# name 6 = ph: pH
# name 7 = t090C: Temperature [ITS-90, deg C]
# name 8 = sal00: Salinity, Practical [PSU]
# name 9 = nbf: Bottles Fired
# name 10 = prDE: Pressure, Digiquartz [psi]
# name 11 = flag:  0.000e+00
# span 0 =    23.7232,    24.2505                 
# span 1 =      1.035,     46.247                 
# span 2 =   40.94744,   40.94824                 
# span 3 =  -71.00314,  -71.00138                 
# span 4 =    185.957,    277.596                 
# span 5 =     5.9505,     8.8830                 
# span 6 =      7.962,      8.157                 
# span 7 =    15.4280,    16.2507                 
# span 8 =    32.4370,    32.9080                 
# span 9 =          0,          8                 
# span 10 =      1.513,     67.606                
# span 11 = 0.0000e+00, 0.0000e+00                
# interval = seconds: 0.0416667
# start_time = Oct 12 2022 13:46:49 [System UTC, header]
# bad_flag = -9.990e-29
*END*
[from data line 963]
    23.7290      1.315   40.94750  -71.00306    275.320     8.8101      8.147    16.2359    32.4437          0      1.922  0.000e+00
    23.7293      1.315   40.94750  -71.00306    275.366     8.8116      8.143    16.2361    32.4442          0      1.922  0.000e+00
    23.7290      1.315   40.94750  -71.00306    275.546     8.8173      8.147    16.2361    32.4438          0      1.922  0.000e+00
    23.7291      1.366   40.94750  -71.00306    275.608     8.8193      8.143    16.2361    32.4439          0      1.997  0.000e+00
    23.7288      1.270   40.94750  -71.00306    275.530     8.8168      8.138    16.2370    32.4438          0      1.857  0.000e+00
    23.7289      1.315   40.94750  -71.00306    275.575     8.8183      8.143    16.2376    32.4441          0      1.922  0.000e+00
    23.7285      1.315   40.94750  -71.00306    275.620     8.8197      8.147    16.2385    32.4438          0      1.922  0.000e+00
    23.7288      1.315   40.94750  -71.00306    275.668     8.8212      8.143    16.2387    32.4443          0      1.922  0.000e+00
    23.7287      1.315   40.94750  -71.00306    275.846     8.8270      8.147    16.2392    32.4443          0      1.922  0.000e+00
    23.7289      1.315   40.94750  -71.00306    275.897     8.8286      8.143    16.2390    32.4445          0      1.922  0.000e+00
    23.7286      1.270   40.94750  -71.00306    275.944     8.8301      8.143    16.2392    32.4442          0      1.856  0.000e+00
    23.7279      1.315   40.94750  -71.00306    275.998     8.8318      8.147    16.2388    32.4432          0      1.922  0.000e+00
    23.7273      1.315   40.94750  -71.00306    276.045     8.8333      8.138    16.2392    32.4425          0      1.922  0.000e+00
    23.7283      1.315   40.94750  -71.00306    276.077     8.8344      8.143    16.2390    32.4438          0      1.922  0.000e+00
    23.7284      1.270   40.94750  -71.00306    276.124     8.8358      8.147    16.2387    32.4438          0      1.856  0.000e+00
    23.7282      1.315   40.94750  -71.00306    276.157     8.8369      8.147    16.2388    32.4436          0      1.922  0.000e+00
    23.7281      1.315   40.94750  -71.00306    276.187     8.8379      8.152    16.2390    32.4436          0      1.922  0.000e+00
    23.7280      1.315   40.94750  -71.00306    276.217     8.8388      8.143    16.2392    32.4434          0      1.922  0.000e+00
    23.7277      1.366   40.94750  -71.00306    276.246     8.8397      8.143    16.2395    32.4431          0      1.997  0.000e+00
    23.7284      1.315   40.94750  -71.00306    276.141     8.8364      8.143    16.2392    32.4439          0      1.922  0.000e+00
    23.7282      1.315   40.94750  -71.00306    276.154     8.8368      8.143    16.2394    32.4437          0      1.922  0.000e+00
    23.7282      1.315   40.94750  -71.00306    276.157     8.8369      8.143    16.2390    32.4436          0      1.922  0.000e+00
    23.7281      1.366   40.94750  -71.00306    276.159     8.8370      8.143    16.2388    32.4434          0      1.997  0.000e+00
    23.7283      1.315   40.94750  -71.00306    276.288     8.8411      8.143    16.2385    32.4437          0      1.922  0.000e+00
    23.7283      1.366   40.94750  -71.00306    276.154     8.8368      8.147    16.2385    32.4436          0      1.997  0.000e+00
    23.7276      1.366   40.94750  -71.00306    276.135     8.8362      8.143    16.2387    32.4428          0      1.997  0.000e+00
    23.7279      1.366   40.94750  -71.00306    276.234     8.8394      8.143    16.2383    32.4431          0      1.997  0.000e+00
    23.7279      1.366   40.94750  -71.00306    276.220     8.8389      8.147    16.2388    32.4432          0      1.997  0.000e+00
    23.7277      1.315   40.94750  -71.00306    276.205     8.8384      8.143    16.2390    32.4430          0      1.922  0.000e+00
    23.7279      1.366   40.94750  -71.00306    276.181     8.8377      8.143    16.2385    32.4431          0      1.997  0.000e+00
    23.7279      1.366   40.94750  -71.00306    276.154     8.8368      8.143    16.2380    32.4429          0      1.997  0.000e+00
    23.7282      1.366   40.94750  -71.00306    276.135     8.8362      8.147    16.2376    32.4433          0      1.997  0.000e+00
    23.7288      1.366   40.94750  -71.00306    276.101     8.8351      8.147    16.2371    32.4439          0      1.997  0.000e+00
    23.7286      1.366   40.94750  -71.00306    276.081     8.8345      8.147    16.2365    32.4434          0      1.997  0.000e+00
    23.7286      1.366   40.94750  -71.00306    275.794     8.8253      8.143    16.2359    32.4433          0      1.997  0.000e+00
    23.7285      1.315   40.94750  -71.00306    275.734     8.8234      8.143    16.2365    32.4433          0      1.922  0.000e+00
    23.7285      1.366   40.94750  -71.00306    275.820     8.8261      8.143    16.2373    32.4435          0      1.997  0.000e+00
    23.7286      1.366   40.94750  -71.00306    275.658     8.8209      8.143    16.2373    32.4437          0      1.997  0.000e+00
    23.7285      1.315   40.94750  -71.00306    275.614     8.8195      8.152    16.2373    32.4435          0      1.922  0.000e+00
    23.7276      1.366   40.94750  -71.00306    275.694     8.8221      8.147    16.2389    32.4428          0      1.997  0.000e+00
    23.7275      1.315   40.94750  -71.00306    275.522     8.8166      8.143    16.2400    32.4430          0      1.922  0.000e+00
    23.7272      1.366   40.94750  -71.00306    275.491     8.8156      8.143    16.2402    32.4427          0      1.997  0.000e+00
    23.7271      1.366   40.94750  -71.00306    275.450     8.8143      8.143    16.2394    32.4423          0      1.997  0.000e+00
    23.7280      1.366   40.94750  -71.00306    275.412     8.8131      8.147    16.2378    32.4430          0      1.997  0.000e+00
    23.7294      1.315   40.94750  -71.00306    275.389     8.8123      8.143    16.2354    32.4442          0      1.922  0.000e+00
    23.7297      1.366   40.94750  -71.00306    275.235     8.8074      8.147    16.2340    32.4442          0      1.997  0.000e+00
    23.7299      1.366   40.94750  -71.00306    275.337     8.8106      8.143    16.2336    32.4442          0      1.997  0.000e+00
    23.7299      1.366   40.94750  -71.00306    275.186     8.8058      8.147    16.2337    32.4443          0      1.997  0.000e+00
    23.7296      1.366   40.94750  -71.00306    275.153     8.8048      8.143    16.2342    32.4440          0      1.997  0.000e+00
    23.7293      1.366   40.94750  -71.00306    275.118     8.8036      8.147    16.2351    32.4439          0      1.996  0.000e+00
    23.7288      1.411   40.94750  -71.00306    274.955     8.7985      8.147    16.2359    32.4435          0      2.062  0.000e+00
    23.7293      1.366   40.94750  -71.00306    274.928     8.7976      8.143    16.2358    32.4441          0      1.996  0.000e+00
    23.7297      1.366   40.94750  -71.00306    275.043     8.8013      8.147    16.2344    32.4442          0      1.996  0.000e+00
    23.7302      1.411   40.94750  -71.00306    275.028     8.8008      8.143    16.2332    32.4446          0      2.062  0.000e+00
    23.7303      1.366   40.94750  -71.00306    275.007     8.8001      8.143    16.2328    32.4445          0      1.996  0.000e+00
    23.7299      1.411   40.94750  -71.00306    274.983     8.7993      8.143    16.2337    32.4443          0      2.062  0.000e+00
    23.7299      1.366   40.94750  -71.00306    274.959     8.7985      8.143    16.2342    32.4444          0      1.996  0.000e+00
    23.7295      1.411   40.94750  -71.00306    274.955     8.7984      8.143    16.2344    32.4440          0      2.062  0.000e+00
    23.7303      1.411   40.94750  -71.00306    275.097     8.8030      8.147    16.2320    32.4443          0      2.062  0.000e+00
    23.7306      1.411   40.94750  -71.00306    275.116     8.8036      8.143    16.2306    32.4443          0      2.062  0.000e+00
    23.7307      1.411   40.94750  -71.00306    275.135     8.8042      8.143    16.2295    32.4442          0      2.062  0.000e+00
    23.7308      1.456   40.94750  -71.00306    275.148     8.8046      8.143    16.2296    32.4443          0      2.128  0.000e+00
    23.7309      1.411   40.94750  -71.00306    275.159     8.8050      8.147    16.2299    32.4445          0      2.062  0.000e+00
    23.7308      1.456   40.94750  -71.00306    275.176     8.8055      8.152    16.2300    32.4444          0      2.128  0.000e+00
    23.7311      1.411   40.94750  -71.00306    275.322     8.8102      8.147    16.2299    32.4447          0      2.062  0.000e+00
    23.7308      1.456   40.94750  -71.00306    275.351     8.8111      8.143    16.2304    32.4445          0      2.128  0.000e+00
    23.7308      1.456   40.94750  -71.00306    275.380     8.8120      8.143    16.2307    32.4445          0      2.128  0.000e+00
    23.7305      1.455   40.94750  -71.00306    275.408     8.8129      8.143    16.2313    32.4443          0      2.128  0.000e+00
    23.7307      1.455   40.94750  -71.00306    275.555     8.8176      8.143    16.2315    32.4447          0      2.127  0.000e+00
    23.7305      1.500   40.94750  -71.00306    275.584     8.8186      8.147    16.2321    32.4446          0      2.193  0.000e+00
    23.7303      1.455   40.94750  -71.00306    275.606     8.8193      8.143    16.2332    32.4447          0      2.127  0.000e+00
    23.7299      1.507   40.94750  -71.00306    275.628     8.8200      8.147    16.2347    32.4445          0      2.202  0.000e+00
    23.7293      1.455   40.94750  -71.00306    275.793     8.8252      8.147    16.2361    32.4442          0      2.127  0.000e+00
    23.7288      1.507   40.94750  -71.00306    275.699     8.8222      8.138    16.2371    32.4439          0      2.202  0.000e+00
    23.7287      1.500   40.94750  -71.00306    275.856     8.8273      8.147    16.2375    32.4438          0      2.193  0.000e+00
    23.7282      1.507   40.94750  -71.00306    275.909     8.8289      8.147    16.2378    32.4433          0      2.202  0.000e+00
    23.7283      1.500   40.94750  -71.00306    275.962     8.8307      8.147    16.2376    32.4434          0      2.193  0.000e+00
    23.7291      1.507   40.94750  -71.00306    276.026     8.8327      8.143    16.2356    32.4438          0      2.202  0.000e+00
    23.7298      1.552   40.94750  -71.00306    275.964     8.8307      8.143    16.2328    32.4439          0      2.268  0.000e+00
    23.7307      1.507   40.94750  -71.00306    276.011     8.8322      8.143    16.2311    32.4446          0      2.202  0.000e+00
    23.7313      1.552   40.94750  -71.00306    276.188     8.8379      8.147    16.2301    32.4451          0      2.268  0.000e+00
    23.7302      1.507   40.94750  -71.00306    276.110     8.8354      8.143    16.2299    32.4435          0      2.202  0.000e+00
    23.7326      1.500   40.94750  -71.00306    276.186     8.8378      8.143    16.2232    32.4447          0      2.193  0.000e+00
    23.7351      1.552   40.94750  -71.00306    276.368     8.8437      8.143    16.2165    32.4460          0      2.268  0.000e+00
    23.7384      1.500   40.94750  -71.00306    276.418     8.8453      8.147    16.2109    32.4487          0      2.193  0.000e+00
    23.7411      1.552   40.94750  -71.00306    276.470     8.8469      8.143    16.2077    32.4512          0      2.268  0.000e+00
    23.7390      1.507   40.94750  -71.00306    276.466     8.8468      8.143    16.2117    32.4497          0      2.202  0.000e+00
    23.7364      1.500   40.94750  -71.00306    276.453     8.8464      8.143    16.2174    32.4480          0      2.193  0.000e+00
    23.7343      1.552   40.94750  -71.00306    276.464     8.8467      8.147    16.2213    32.4463          0      2.268  0.000e+00
    23.7328      1.500   40.94750  -71.00306    276.594     8.8509      8.143    16.2241    32.4452          0      2.193  0.000e+00
    23.7320      1.507   40.94750  -71.00306    276.610     8.8514      8.138    16.2259    32.4448          0      2.202  0.000e+00
    23.7328      1.500   40.94750  -71.00306    276.635     8.8522      8.147    16.2254    32.4456          0      2.193  0.000e+00
    23.7327      1.507   40.94750  -71.00306    276.526     8.8487      8.143    16.2254    32.4455          0      2.202  0.000e+00
    23.7325      1.500   40.94750  -71.00306    276.402     8.8447      8.143    16.2254    32.4452          0      2.193  0.000e+00
    23.7328      1.507   40.94750  -71.00306    276.512     8.8483      8.143    16.2254    32.4456          0      2.202  0.000e+00
    23.7325      1.455   40.94750  -71.00306    276.382     8.8441      8.143    16.2256    32.4453          0      2.127  0.000e+00
    23.7327      1.507   40.94750  -71.00306    276.492     8.8476      8.147    16.2254    32.4454          0      2.202  0.000e+00
    23.7322      1.455   40.94750  -71.00306    276.475     8.8471      8.143    16.2260    32.4450          0      2.127  0.000e+00
    23.7320      1.507   40.94750  -71.00306    276.460     8.8466      8.143    16.2262    32.4448          0      2.202  0.000e+00
    23.7318      1.455   40.94750  -71.00306    276.429     8.8456      8.143    16.2260    32.4445          0      2.127  0.000e+00
    23.7326      1.410   40.94750  -71.00306    276.393     8.8445      8.152    16.2258    32.4454          0      2.061  0.000e+00
    23.7323      1.455   40.94750  -71.00306    276.373     8.8438      8.143    16.2257    32.4451          0      2.127  0.000e+00
    23.7323      1.410   40.94750  -71.00306    276.479     8.8472      8.147    16.2256    32.4450          0      2.061  0.000e+00
    23.7325      1.410   40.94750  -71.00306    276.461     8.8466      8.143    16.2259    32.4454          0      2.061  0.000e+00
    23.7324      1.410   40.94750  -71.00306    276.446     8.8462      8.147    16.2256    32.4452          0      2.061  0.000e+00
    23.7324      1.410   40.94750  -71.00306    276.563     8.8499      8.147    16.2248    32.4449          0      2.061  0.000e+00
    23.7335      1.410   40.94750  -71.00306    276.424     8.8454      8.147    16.2240    32.4461          0      2.061  0.000e+00
    23.7332      1.365   40.94750  -71.00306    276.542     8.8492      8.143    16.2239    32.4457          0      1.996  0.000e+00
    23.7332      1.410   40.94750  -71.00306    276.410     8.8450      8.143    16.2239    32.4457          0      2.061  0.000e+00
    23.7338      1.410   40.94750  -71.00306    276.397     8.8446      8.143    16.2230    32.4462          0      2.061  0.000e+00
    23.7340      1.365   40.94750  -71.00306    276.508     8.8481      8.147    16.2229    32.4465          0      1.996  0.000e+00
    23.7336      1.365   40.94750  -71.00306    276.500     8.8479      8.143    16.2228    32.4459          0      1.996  0.000e+00
    23.7335      1.410   40.94750  -71.00306    276.487     8.8475      8.147    16.2232    32.4458          0      2.061  0.000e+00
    23.7335      1.410   40.94750  -71.00306    276.487     8.8475      8.143    16.2230    32.4458          0      2.061  0.000e+00
    23.7337      1.410   40.94750  -71.00306    276.618     8.8517      8.147    16.2225    32.4460          0      2.061  0.000e+00
    23.7344      1.365   40.94750  -71.00306    276.628     8.8520      8.147    16.2217    32.4466          0      1.996  0.000e+00
    23.7357      1.410   40.94750  -71.00306    276.500     8.8479      8.147    16.2216    32.4483          0      2.061  0.000e+00
    23.7341      1.455   40.94750  -71.00306    276.477     8.8471      8.143    16.2263    32.4476          0      2.127  0.000e+00
    23.7320      1.365   40.94750  -71.00306    276.447     8.8462      8.147    16.2313    32.4463          0      1.996  0.000e+00
