cruise2/ctd/proc/FiveSamv0.cnv
* Sea-Bird SBE 9 Data File:
* FileName = C:\Users\Tech\Documents\DataFiles\SBE 9\FiveSam.hex
* Software Version Seasave V 7.26.7.107
* Temperature SN = 2735
* Conductivity SN = 2257
* Number of Bytes Per Scan = 44
* Number of Voltage Words = 4
* Number of Scans Averaged by the Deck Unit = 1
* NMEA Latitude = 40 56.85 N
* NMEA Longitude = 071 00.19 W
* NMEA UTC (Time) = Oct 12 2022  13:46:46
* NMEA baud rate = 4800
# nquan = 12
# nvalues = 17724                                 
# units = specified
# name 0 = sigma-t00: Density [sigma-t, kg/m^3 ]
# name 1 = depSM: Depth [salt water, m]
# name 2 = latitude: Latitude [deg]
# name 3 = longitude: Longitude [deg]
# name 4 = sbeox0Mm/L: Oxygen, SBE 43 [umol/l]
# name 5 = sbeox0Mg/L: Oxygen, SBE 43 [mg/l]
# name 6 = ph: pH
# name 7 = t090C: Temperature [ITS-90, deg C]
# name 8 = sal00: Salinity, Practical [PSU]
# name 9 = nbf: Bottles Fired
# name 10 = prDE: Pressure, Digiquartz [psi]
# name 11 = flag:  0.000e+00
# span 0 =    23.7232,    24.2505                 
# span 1 =      1.035,     46.247                 
# span 2 =   40.94744,   40.94824                 
# span 3 =  -71.00314,  -71.00138                 
# span 4 =    185.957,    277.596                 
# span 5 =     5.9505,     8.8830                 
# span 6 =      7.962,      8.157                 
# span 7 =    15.4280,    16.2507                 
# span 8 =    32.4370,    32.9080                 
# span 9 =          0,          8                 
# span 10 =      1.513,     67.606                
# span 11 = 0.0000e+00, 0.0000e+00                
# interval = seconds: 0.0416667
# start_time = Oct 12 2022 13:46:49 [System UTC, header]
# bad_flag = -9.990e-29
*END*
[from data line 4813]
    24.2461     46.000   40.94766  -71.00274    193.562     6.1939      7.976    15.4333    32.8833          0     67.245  0.000e+00
    24.2462     46.000   40.94766  -71.00274    193.693     6.1981      7.981    15.4333    32.8835          0     67.245  0.000e+00
    24.2460     45.987   40.94766  -71.00274    193.713     6.1987      7.981    15.4336    32.8833          0     67.226  0.000e+00
    24.2460     46.000   40.94766  -71.00274    193.598     6.1951      7.981    15.4338    32.8833          0     67.245  0.000e+00
    24.2463     45.987   40.94766  -71.00274    193.591     6.1948      7.976    15.4333    32.8836          0     67.226  0.000e+00
    24.2459     45.948   40.94766  -71.00274    193.713     6.1987      7.981    15.4335    32.8832          0     67.170  0.000e+00
    24.2462     45.935   40.94766  -71.00274    193.578     6.1944      7.981    15.4335    32.8836          0     67.151  0.000e+00
    24.2462     46.000   40.94766  -71.00274    193.713     6.1987      7.976    15.4337    32.8836          0     67.245  0.000e+00
    24.2461     45.948   40.94766  -71.00274    193.710     6.1986      7.981    15.4335    32.8834          0     67.170  0.000e+00
    24.2461     45.935   40.94766  -71.00274    193.719     6.1989      7.976    15.4335    32.8834          0     67.151  0.000e+00
    24.2461     45.948   40.94766  -71.00274    193.863     6.2035      7.976    15.4333    32.8833          0     67.170  0.000e+00
    24.2462     45.935   40.94766  -71.00274    193.747     6.1998      7.976    15.4331    32.8834          0     67.151  0.000e+00
    24.2463     45.903   40.94766  -71.00274    193.751     6.1999      7.976    15.4330    32.8836          0     67.104  0.000e+00
    24.2460     45.948   40.94766  -71.00274    193.739     6.1996      7.976    15.4331    32.8832          0     67.170  0.000e+00
    24.2461     45.890   40.94766  -71.00274    193.723     6.1990      7.976    15.4330    32.8832          0     67.085  0.000e+00
    24.2460     45.903   40.94766  -71.00274    193.720     6.1989      7.976    15.4331    32.8831          0     67.104  0.000e+00
    24.2461     45.935   40.94766  -71.00274    193.836     6.2027      7.976    15.4330    32.8832          0     67.151  0.000e+00
    24.2464     45.858   40.94766  -71.00274    193.692     6.1981      7.976    15.4328    32.8836          0     67.039  0.000e+00
    24.2464     45.903   40.94766  -71.00274    193.816     6.2020      7.976    15.4331    32.8836          0     67.104  0.000e+00
    24.2463     45.890   40.94766  -71.00274    193.803     6.2016      7.976    15.4333    32.8836          0     67.085  0.000e+00
    24.2460     45.903   40.94766  -71.00274    193.785     6.2010      7.981    15.4338    32.8834          0     67.104  0.000e+00
    24.2463     45.890   40.94766  -71.00274    193.766     6.2004      7.976    15.4338    32.8837          0     67.085  0.000e+00
    24.2461     45.858   40.94766  -71.00274    193.758     6.2002      7.976    15.4340    32.8835          0     67.038  0.000e+00
    24.2461     45.903   40.94766  -71.00274    193.750     6.1999      7.976    15.4338    32.8834          0     67.104  0.000e+00
    24.2460     45.845   40.94766  -71.00274    193.736     6.1995      7.981    15.4340    32.8834          0     67.020  0.000e+00
    24.2461     45.903   40.94766  -71.00274    193.590     6.1948      7.976    15.4338    32.8835          0     67.104  0.000e+00
    24.2460     45.890   40.94766  -71.00274    193.559     6.1938      7.976    15.4340    32.8833          0     67.085  0.000e+00
    24.2454     45.858   40.94766  -71.00274    193.662     6.1971      7.981    15.4340    32.8826          0     67.038  0.000e+00
    24.2459     45.858   40.94766  -71.00274    193.658     6.1970      7.976    15.4337    32.8831          0     67.038  0.000e+00
    24.2463     45.890   40.94766  -71.00274    193.636     6.1963      7.981    15.4338    32.8837          0     67.085  0.000e+00
    24.2460     45.858   40.94766  -71.00274    193.625     6.1959      7.981    15.4340    32.8834          0     67.038  0.000e+00
    24.2460     45.890   40.94766  -71.00274    193.614     6.1956      7.976    15.4342    32.8834          0     67.085  0.000e+00
    24.2458     45.858   40.94766  -71.00274    193.599     6.1951      7.981    15.4345    32.8833          0     67.038  0.000e+00
    24.2456     45.845   40.94766  -71.00274    193.599     6.1951      7.981    15.4345    32.8830          0     67.020  0.000e+00
    24.2457     45.903   40.94766  -71.00274    193.465     6.1908      7.976    15.4345    32.8832          0     67.104  0.000e+00
    24.2457     45.858   40.94766  -71.00274    193.447     6.1902      7.981    15.4347    32.8832          0     67.038  0.000e+00
    24.2457     45.890   40.94766  -71.00274    193.567     6.1941      7.981    15.4345    32.8831          0     67.085  0.000e+00
    24.2460     45.858   40.94766  -71.00274    193.563     6.1939      7.976    15.4343    32.8835          0     67.038  0.000e+00
    24.2460     45.890   40.94766  -71.00274    193.559     6.1938      7.976    15.4343    32.8835          0     67.085  0.000e+00
    24.2461     45.858   40.94766  -71.00274    193.553     6.1936      7.981    15.4342    32.8836          0     67.038  0.000e+00
    24.2462     45.903   40.94766  -71.00274    193.549     6.1935      7.976    15.4338    32.8835          0     67.104  0.000e+00
    24.2462     45.890   40.94766  -71.00274    193.555     6.1937      7.976    15.4337    32.8836          0     67.085  0.000e+00
    24.2462     45.858   40.94766  -71.00274    193.548     6.1934      7.971    15.4333    32.8834          0     67.038  0.000e+00
    24.2465     45.890   40.94766  -71.00274    193.539     6.1932      7.976    15.4331    32.8838          0     67.085  0.000e+00
    24.2464     45.903   40.94766  -71.00274    193.543     6.1933      7.981    15.4332    32.8837          0     67.104  0.000e+00
    24.2465     45.903   40.94766  -71.00274    193.546     6.1934      7.990    15.4331    32.8837          0     67.104  0.000e+00
    24.2464     45.890   40.94766  -71.00274    193.399     6.1887      7.976    15.4330    32.8836          0     67.085  0.000e+00
    24.2466     45.903   40.94766  -71.00274    193.386     6.1883      7.976    15.4331    32.8839          0     67.104  0.000e+00
    24.2466     45.890   40.94766  -71.00274    193.226     6.1831      7.976    15.4328    32.8838          0     67.085  0.000e+00
    24.2465     45.903   40.94766  -71.00274    193.319     6.1861      7.976    15.4330    32.8837          0     67.104  0.000e+00
    24.2464     45.903   40.94766  -71.00274    193.307     6.1857      7.976    15.4330    32.8837          0     67.104  0.000e+00
    24.2463     45.935   40.94766  -71.00274    193.295     6.1853      7.981    15.4330    32.8835          0     67.151  0.000e+00
    24.2465     45.903   40.94766  -71.00274    193.267     6.1845      7.976    15.4328    32.8837          0     67.104  0.000e+00
    24.2466     45.935   40.94766  -71.00274    193.240     6.1836      7.976    15.4328    32.8839          0     67.151  0.000e+00
    24.2463     45.903   40.94766  -71.00274    193.224     6.1831      7.981    15.4331    32.8835          0     67.104  0.000e+00
    24.2460     45.935   40.94766  -71.00274    193.195     6.1821      7.981    15.4335    32.8833          0     67.151  0.000e+00
    24.2462     45.903   40.94766  -71.00274    193.179     6.1816      7.976    15.4336    32.8835          0     67.104  0.000e+00
    24.2458     45.948   40.94766  -71.00274    193.165     6.1812      7.976    15.4338    32.8831          0     67.169  0.000e+00
    24.2462     45.890   40.94766  -71.00274    193.014     6.1764      7.976    15.4336    32.8835          0     67.085  0.000e+00
    24.2460     45.948   40.94766  -71.00274    193.002     6.1760      7.962    15.4337    32.8833          0     67.169  0.000e+00
    24.2462     45.935   40.94766  -71.00274    192.975     6.1751      7.976    15.4336    32.8835          0     67.151  0.000e+00
    24.2461     45.903   40.94766  -71.00274    192.947     6.1742      7.976    15.4338    32.8835          0     67.104  0.000e+00
    24.2459     45.948   40.94766  -71.00274    192.923     6.1735      7.981    15.4338    32.8832          0     67.169  0.000e+00
    24.2462     45.935   40.94766  -71.00274    192.763     6.1683      7.976    15.4336    32.8835          0     67.151  0.000e+00
    24.2461     45.903   40.94766  -71.00274    192.724     6.1671      7.976    15.4338    32.8834          0     67.104  0.000e+00
    24.2461     45.935   40.94766  -71.00274    192.704     6.1664      7.981    15.4335    32.8834          0     67.151  0.000e+00
    24.2459     45.948   40.94766  -71.00274    192.671     6.1654      7.981    15.4333    32.8830          0     67.169  0.000e+00
    24.2462     45.903   40.94766  -71.00274    192.650     6.1647      7.976    15.4333    32.8834          0     67.104  0.000e+00
    24.2462     45.935   40.94766  -71.00274    192.634     6.1642      7.976    15.4332    32.8834          0     67.151  0.000e+00
    24.2461     45.948   40.94766  -71.00274    192.483     6.1594      7.976    15.4333    32.8833          0     67.169  0.000e+00
    24.2461     45.890   40.94766  -71.00274    192.454     6.1584      7.981    15.4333    32.8833          0     67.085  0.000e+00
    24.2459     45.948   40.94766  -71.00274    192.294     6.1533      7.976    15.4337    32.8831          0     67.169  0.000e+00
    24.2461     45.903   40.94766  -71.00274    192.391     6.1564      7.976    15.4338    32.8835          0     67.104  0.000e+00
    24.2459     45.935   40.94766  -71.00274    192.371     6.1558      7.981    15.4340    32.8833          0     67.150  0.000e+00
    24.2456     45.903   40.94766  -71.00274    192.338     6.1547      7.976    15.4342    32.8829          0     67.104  0.000e+00
    24.2461     45.890   40.94766  -71.00274    192.309     6.1538      7.976    15.4337    32.8835          0     67.085  0.000e+00
    24.2459     45.948   40.94766  -71.00274    192.296     6.1534      7.976    15.4338    32.8832          0     67.169  0.000e+00
    24.2458     45.890   40.94766  -71.00274    192.285     6.1530      7.976    15.4335    32.8829          0     67.085  0.000e+00
    24.2463     45.903   40.94766  -71.00274    192.276     6.1528      7.981    15.4331    32.8836          0     67.103  0.000e+00
    24.2459     45.903   40.94766  -71.00274    192.271     6.1526      7.976    15.4330    32.8829          0     67.103  0.000e+00
    24.2464     45.890   40.94766  -71.00274    192.267     6.1525      7.981    15.4325    32.8835          0     67.085  0.000e+00
    24.2463     45.858   40.94766  -71.00274    192.265     6.1524      7.985    15.4323    32.8833          0     67.038  0.000e+00
    24.2465     45.890   40.94766  -71.00274    192.264     6.1524      7.976    15.4326    32.8836          0     67.085  0.000e+00
    24.2462     45.858   40.94766  -71.00274    192.249     6.1519      7.976    15.4331    32.8835          0     67.038  0.000e+00
    24.2463     45.903   40.94766  -71.00274    192.241     6.1516      7.976    15.4328    32.8835          0     67.103  0.000e+00
    24.2463     45.845   40.94766  -71.00274    192.246     6.1518      7.976    15.4328    32.8834          0     67.019  0.000e+00
    24.2461     45.858   40.94766  -71.00274    192.254     6.1521      7.976    15.4328    32.8832          0     67.038  0.000e+00
    24.2461     45.890   40.94766  -71.00274    192.265     6.1524      7.976    15.4330    32.8832          0     67.085  0.000e+00
    24.2464     45.806   40.94766  -71.00274    192.275     6.1527      7.976    15.4331    32.8836          0     66.963  0.000e+00
    24.2462     45.858   40.94766  -71.00274    192.426     6.1575      7.971    15.4332    32.8835          0     67.038  0.000e+00
    24.2461     45.845   40.94766  -71.00274    192.457     6.1585      7.976    15.4331    32.8832          0     67.019  0.000e+00
    24.2463     45.806   40.94768  -71.00272    192.491     6.1596      7.981    15.4326    32.8833          0     66.963  0.000e+00
    24.2460     45.845   40.94768  -71.00272    192.526     6.1607      7.976    15.4328    32.8831          0     67.019  0.000e+00
    24.2460     45.858   40.94768  -71.00272    192.427     6.1576      7.976    15.4328    32.8831          0     67.038  0.000e+00
    24.2462     45.806   40.94768  -71.00272    192.586     6.1627      7.976    15.4326    32.8833          0     66.963  0.000e+00
    24.2461     45.793   40.94768  -71.00272    192.611     6.1635      7.976    15.4328    32.8831          0     66.944  0.000e+00
    24.2464     45.806   40.94768  -71.00272    192.638     6.1643      7.976    15.4326    32.8835          0     66.962  0.000e+00
    24.2459     45.793   40.94768  -71.00272    192.652     6.1648      7.976    15.4326    32.8828          0     66.944  0.000e+00
    24.2462     45.806   40.94768  -71.00272    192.681     6.1657      7.981    15.4325    32.8832          0     66.962  0.000e+00
    24.2463     45.793   40.94768  -71.00272    192.711     6.1667      7.976    15.4323    32.8833          0     66.944  0.000e+00
    24.2466     45.806   40.94768  -71.00272    192.878     6.1720      7.981    15.4321    32.8836          0     66.962  0.000e+00
    24.2466     45.806   40.94768  -71.00272    192.924     6.1735      7.976    15.4319    32.8836          0     66.962  0.000e+00
    24.2459     45.748   40.94768  -71.00272    192.967     6.1749      7.976    15.4325    32.8828          0     66.878  0.000e+00
    24.2464     45.806   40.94768  -71.00272    193.149     6.1807      7.976    15.4324    32.8835          0     66.962  0.000e+00
    24.2464     45.793   40.94768  -71.00272    193.075     6.1783      7.976    15.4325    32.8834          0     66.944  0.000e+00
    24.2465     45.761   40.94768  -71.00272    192.986     6.1755      7.976    15.4324    32.8836          0     66.897  0.000e+00
    24.2463     45.761   40.94768  -71.00272    193.155     6.1809      7.976    15.4326    32.8833          0     66.897  0.000e+00
    24.2462     45.793   40.94768  -71.00272    193.190     6.1820      7.981    15.4328    32.8834          0     66.944  0.000e+00
    24.2462     45.761   40.94768  -71.00272    193.225     6.1831      7.976    15.4324    32.8833          0     66.897  0.000e+00
    24.2466     45.793   40.94768  -71.00272    193.260     6.1842      7.976    15.4323    32.8837          0     66.944  0.000e+00
    24.2465     45.761   40.94768  -71.00272    193.295     6.1853      7.976    15.4321    32.8835          0     66.897  0.000e+00
    24.2460     45.806   40.94768  -71.00272    193.329     6.1864      7.976    15.4326    32.8830          0     66.962  0.000e+00
    24.2463     45.748   40.94768  -71.00272    193.348     6.1870      7.976    15.4324    32.8833          0     66.878  0.000e+00
    24.2461     45.806   40.94768  -71.00272    193.368     6.1877      7.985    15.4325    32.8831          0     66.962  0.000e+00
    24.2461     45.748   40.94768  -71.00272    193.521     6.1926      7.976    15.4324    32.8831          0     66.878  0.000e+00
    24.2460     45.806   40.94768  -71.00272    193.553     6.1936      7.976    15.4326    32.8830          0     66.962  0.000e+00
    24.2463     45.793   40.94768  -71.00272    193.448     6.1903      7.976    15.4324    32.8833          0     66.944  0.000e+00
    24.2462     45.761   40.94768  -71.00272    193.464     6.1907      7.976    15.4324    32.8832          0     66.897  0.000e+00
    24.2462     45.806   40.94768  -71.00272    193.465     6.1908      7.976    15.4325    32.8833          0     66.962  0.000e+00
