cruise2/ctd/proc/FiveSamagainv0.cnv
* Sea-Bird SBE 9 Data File:
* FileName = C:\Users\Tech\Documents\DataFiles\SBE 9\FiveSamagain.hex
* Software Version Seasave V 7.26.7.107
* Temperature SN = 2735
* Conductivity SN = 2257
* Number of Bytes Per Scan = 44
* Number of Voltage Words = 4
* Number of Scans Averaged by the Deck Unit = 1
* NMEA Latitude = 40 56.91 N
* NMEA Longitude = 071 00.05 W
* NMEA UTC (Time) = Oct 12 2022  14:02:51
* NMEA baud rate = 4800
# nquan = 12
# nvalues = 5765                                  
# units = specified
# name 0 = sigma-t00: Density [sigma-t, kg/m^3 ]
# name 1 = depSM: Depth [salt water, m]
# name 2 = latitude: Latitude [deg]
# name 3 = longitude: Longitude [deg]
# name 4 = sbeox0Mm/L: Oxygen, SBE 43 [umol/l]
# name 5 = sbeox0Mg/L: Oxygen, SBE 43 [mg/l]
# name 6 = ph: pH
# name 7 = t090C: Temperature [ITS-90, deg C]
# name 8 = sal00: Salinity, Practical [PSU]
# name 9 = nbf: Bottles Fired
# name 10 = prDE: Pressure, Digiquartz [psi]
# name 11 = flag:  0.000e+00
# span 0 =    23.7153,    24.0424                 
# span 1 =      1.047,     30.668                 
# span 2 =   40.94848,   40.94874                 
# span 3 =  -71.00080,  -71.00016                 
# span 4 =    213.156,    294.211                 
# span 5 =     6.8209,     9.4146                 
# span 6 =      8.080,      8.157                 
# span 7 =    15.9149,    16.2421                 
# span 8 =    32.4278,    32.7701                 
# span 9 =          0,          2                 
# span 10 =      1.531,     44.830                
# span 11 = 0.0000e+00, 0.0000e+00                
# interval = seconds: 0.0416667
# start_time = Oct 12 2022 14:02:54 [System UTC, header]
# bad_flag = -9.990e-29
*END*
[from data line 5173]
    23.9831     14.418   40.94872  -71.00024    261.604     8.3712      8.116    15.9315    32.6852          2     21.075  0.000e+00
    23.9832     14.373   40.94872  -71.00024    261.666     8.3732      8.126    15.9318    32.6854          2     21.010  0.000e+00
    23.9831     14.328   40.94872  -71.00024    261.488     8.3675      8.121    15.9322    32.6855          2     20.944  0.000e+00
    23.9831     14.334   40.94872  -71.00024    261.578     8.3704      8.116    15.9322    32.6854          2     20.953  0.000e+00
    23.9832     14.277   40.94872  -71.00024    261.560     8.3698      8.121    15.9320    32.6855          2     20.869  0.000e+00
    23.9830     14.277   40.94872  -71.00024    261.541     8.3692      8.116    15.9320    32.6852          2     20.869  0.000e+00
    23.9828     14.232   40.94872  -71.00022    261.388     8.3643      8.121    15.9320    32.6850          2     20.803  0.000e+00
    23.9829     14.232   40.94872  -71.00022    261.488     8.3675      8.121    15.9318    32.6850          2     20.803  0.000e+00
    23.9829     14.245   40.94872  -71.00022    261.481     8.3673      8.116    15.9318    32.6850          2     20.822  0.000e+00
    23.9828     14.136   40.94872  -71.00022    261.472     8.3670      8.121    15.9315    32.6848          2     20.663  0.000e+00
    23.9827     14.187   40.94872  -71.00022    261.601     8.3711      8.121    15.9310    32.6846          2     20.738  0.000e+00
    23.9821     14.091   40.94872  -71.00022    261.620     8.3717      8.121    15.9305    32.6836          2     20.597  0.000e+00
    23.9816     14.091   40.94872  -71.00022    261.510     8.3682      8.121    15.9299    32.6828          2     20.597  0.000e+00
    23.9819     14.103   40.94872  -71.00022    261.635     8.3722      8.116    15.9294    32.6831          2     20.616  0.000e+00
    23.9820     13.994   40.94872  -71.00022    261.632     8.3721      8.121    15.9297    32.6832          2     20.456  0.000e+00
    23.9819     13.994   40.94872  -71.00022    261.780     8.3768      8.121    15.9296    32.6832          2     20.456  0.000e+00
    23.9817     13.994   40.94872  -71.00022    261.808     8.3777      8.116    15.9296    32.6828          2     20.456  0.000e+00
    23.9821     13.911   40.94872  -71.00022    261.979     8.3832      8.121    15.9293    32.6833          2     20.334  0.000e+00
    23.9825     13.950   40.94872  -71.00022    262.029     8.3848      8.121    15.9298    32.6839          2     20.391  0.000e+00
    23.9832     13.860   40.94872  -71.00022    262.075     8.3863      8.121    15.9299    32.6849          2     20.259  0.000e+00
    23.9831     13.860   40.94872  -71.00022    262.125     8.3879      8.121    15.9300    32.6848          2     20.259  0.000e+00
    23.9831     13.808   40.94872  -71.00022    262.174     8.3895      8.121    15.9298    32.6847          2     20.184  0.000e+00
    23.9826     13.770   40.94872  -71.00022    262.355     8.3952      8.121    15.9298    32.6841          2     20.128  0.000e+00
    23.9829     13.719   40.94872  -71.00022    262.410     8.3970      8.121    15.9302    32.6846          2     20.053  0.000e+00
    23.9841     13.719   40.94872  -71.00022    262.594     8.4029      8.121    15.9308    32.6863          2     20.053  0.000e+00
    23.9846     13.667   40.94872  -71.00022    262.655     8.4048      8.116    15.9317    32.6872          2     19.978  0.000e+00
    23.9847     13.629   40.94872  -71.00022    262.728     8.4072      8.121    15.9327    32.6877          2     19.922  0.000e+00
    23.9853     13.577   40.94872  -71.00022    262.905     8.4128      8.121    15.9334    32.6886          2     19.847  0.000e+00
    23.9846     13.577   40.94872  -71.00022    262.965     8.4147      8.121    15.9339    32.6879          2     19.847  0.000e+00
    23.9834     13.526   40.94872  -71.00022    263.174     8.4215      8.121    15.9332    32.6861          2     19.772  0.000e+00
    23.9820     13.481   40.94872  -71.00022    263.252     8.4240      8.121    15.9318    32.6839          2     19.706  0.000e+00
    23.9816     13.398   40.94872  -71.00022    263.467     8.4308      8.121    15.9310    32.6831          2     19.584  0.000e+00
    23.9824     13.436   40.94872  -71.00022    263.556     8.4337      8.121    15.9307    32.6840          2     19.640  0.000e+00
    23.9832     13.385   40.94872  -71.00022    263.751     8.4399      8.121    15.9313    32.6853          2     19.565  0.000e+00
    23.9842     13.295   40.94872  -71.00022    263.816     8.4420      8.116    15.9325    32.6869          2     19.434  0.000e+00
    23.9849     13.301   40.94872  -71.00022    264.001     8.4479      8.121    15.9334    32.6881          2     19.443  0.000e+00
    23.9842     13.244   40.94872  -71.00022    264.199     8.4542      8.121    15.9335    32.6872          2     19.359  0.000e+00
    23.9827     13.154   40.94872  -71.00022    264.274     8.4567      8.126    15.9332    32.6852          2     19.228  0.000e+00
    23.9808     13.199   40.94872  -71.00022    264.486     8.4634      8.121    15.9320    32.6824          2     19.293  0.000e+00
    23.9787     13.115   40.94872  -71.00022    264.435     8.4618      8.121    15.9308    32.6793          2     19.171  0.000e+00
    23.9780     13.103   40.94872  -71.00022    264.498     8.4638      8.121    15.9294    32.6779          2     19.153  0.000e+00
    23.9771     13.013   40.94872  -71.00022    264.813     8.4739      8.121    15.9286    32.6765          2     19.021  0.000e+00
    23.9769     13.013   40.94872  -71.00022    264.870     8.4757      8.121    15.9277    32.6760          2     19.021  0.000e+00
    23.9760     12.974   40.94872  -71.00022    265.048     8.4814      8.121    15.9272    32.6747          2     18.965  0.000e+00
    23.9754     12.917   40.94872  -71.00022    265.101     8.4831      8.121    15.9263    32.6737          2     18.881  0.000e+00
    23.9742     12.872   40.94872  -71.00022    265.290     8.4892      8.121    15.9257    32.6720          2     18.815  0.000e+00
    23.9742     12.872   40.94872  -71.00022    265.352     8.4911      8.121    15.9248    32.6716          2     18.815  0.000e+00
    23.9745     12.788   40.94872  -71.00022    265.518     8.4965      8.121    15.9242    32.6718          2     18.693  0.000e+00
    23.9742     12.775   40.94872  -71.00022    265.572     8.4982      8.121    15.9238    32.6714          2     18.674  0.000e+00
    23.9734     12.730   40.94872  -71.00022    265.751     8.5039      8.121    15.9229    32.6701          2     18.609  0.000e+00
    23.9726     12.686   40.94872  -71.00022    265.816     8.5060      8.121    15.9220    32.6688          2     18.543  0.000e+00
    23.9726     12.647   40.94872  -71.00022    265.990     8.5116      8.121    15.9209    32.6684          2     18.487  0.000e+00
    23.9727     12.634   40.94872  -71.00022    266.043     8.5133      8.121    15.9205    32.6684          2     18.468  0.000e+00
    23.9733     12.589   40.94872  -71.00022    266.084     8.5146      8.121    15.9204    32.6692          2     18.402  0.000e+00
    23.9742     12.544   40.94872  -71.00022    266.110     8.5154      8.107    15.9206    32.6704          2     18.337  0.000e+00
    23.9748     12.506   40.94872  -71.00022    266.244     8.5197      8.121    15.9212    32.6714          2     18.280  0.000e+00
    23.9756     12.493   40.94872  -71.00022    266.262     8.5203      8.121    15.9219    32.6726          2     18.262  0.000e+00
    23.9761     12.448   40.94872  -71.00022    266.402     8.5248      8.116    15.9224    32.6734          2     18.196  0.000e+00
    23.9760     12.448   40.94872  -71.00022    266.414     8.5251      8.121    15.9231    32.6735          2     18.196  0.000e+00
    23.9762     12.365   40.94872  -71.00022    266.429     8.5256      8.121    15.9231    32.6738          2     18.074  0.000e+00
    23.9759     12.352   40.94872  -71.00022    266.437     8.5259      8.126    15.9230    32.6734          2     18.055  0.000e+00
    23.9753     12.352   40.94872  -71.00022    266.426     8.5255      8.121    15.9224    32.6725          2     18.055  0.000e+00
    23.9745     12.307   40.94872  -71.00022    266.414     8.5251      8.121    15.9221    32.6712          2     17.990  0.000e+00
    23.9735     12.268   40.94872  -71.00022    266.392     8.5244      8.121    15.9217    32.6699          2     17.933  0.000e+00
    23.9727     12.262   40.94872  -71.00022    266.379     8.5240      8.121    15.9208    32.6685          2     17.924  0.000e+00
    23.9712     12.211   40.94872  -71.00022    266.491     8.5276      8.121    15.9194    32.6662          2     17.849  0.000e+00
    23.9701     12.166   40.94872  -71.00022    266.353     8.5232      8.121    15.9180    32.6643          2     17.783  0.000e+00
    23.9698     12.179   40.94872  -71.00022    266.322     8.5222      8.121    15.9171    32.6637          2     17.802  0.000e+00
    23.9692     12.166   40.94872  -71.00022    266.141     8.5164      8.121    15.9175    32.6630          2     17.783  0.000e+00
    23.9699     12.076   40.94872  -71.00022    266.203     8.5184      8.121    15.9170    32.6638          2     17.652  0.000e+00
    23.9698     12.121   40.94872  -71.00022    266.138     8.5163      8.121    15.9171    32.6638          2     17.718  0.000e+00
    23.9699     12.082   40.94872  -71.00022    266.075     8.5143      8.121    15.9172    32.6639          2     17.661  0.000e+00
    23.9702     12.076   40.94872  -71.00022    266.138     8.5163      8.126    15.9171    32.6642          2     17.652  0.000e+00
    23.9704     12.025   40.94872  -71.00022    265.949     8.5103      8.126    15.9175    32.6646          2     17.577  0.000e+00
    23.9707     11.986   40.94872  -71.00022    265.871     8.5077      8.121    15.9179    32.6652          2     17.521  0.000e+00
    23.9706     12.025   40.94872  -71.00022    265.790     8.5052      8.121    15.9180    32.6650          2     17.577  0.000e+00
    23.9699     11.935   40.94872  -71.00022    265.846     8.5070      8.121    15.9176    32.6640          2     17.446  0.000e+00
    23.9690     11.980   40.94872  -71.00022    265.781     8.5049      8.126    15.9171    32.6626          2     17.511  0.000e+00
    23.9680     11.941   40.94872  -71.00022    265.718     8.5028      8.126    15.9169    32.6613          2     17.455  0.000e+00
    23.9675     11.935   40.94872  -71.00022    265.648     8.5006      8.126    15.9164    32.6605          2     17.446  0.000e+00
    23.9667     11.935   40.94872  -71.00022    265.450     8.4943      8.121    15.9163    32.6594          2     17.446  0.000e+00
    23.9661     11.884   40.94872  -71.00022    265.497     8.4958      8.121    15.9159    32.6585          2     17.371  0.000e+00
    23.9655     11.896   40.94872  -71.00022    265.431     8.4937      8.121    15.9159    32.6578          2     17.389  0.000e+00
    23.9654     11.839   40.94872  -71.00022    265.486     8.4954      8.121    15.9161    32.6577          2     17.305  0.000e+00
    23.9660     11.839   40.94872  -71.00022    265.431     8.4937      8.121    15.9161    32.6584          2     17.305  0.000e+00
    23.9658     11.884   40.94872  -71.00022    265.516     8.4964      8.126    15.9164    32.6583          2     17.371  0.000e+00
    23.9666     11.800   40.94872  -71.00022    265.339     8.4907      8.126    15.9164    32.6593          2     17.249  0.000e+00
    23.9663     11.839   40.94872  -71.00022    265.425     8.4935      8.121    15.9168    32.6591          2     17.305  0.000e+00
    23.9667     11.794   40.94872  -71.00022    265.238     8.4875      8.121    15.9167    32.6596          2     17.239  0.000e+00
    23.9673     11.800   40.94872  -71.00022    265.295     8.4893      8.126    15.9171    32.6605          2     17.249  0.000e+00
    23.9679     11.794   40.94872  -71.00022    265.254     8.4880      8.126    15.9175    32.6614          2     17.239  0.000e+00
    23.9683     11.742   40.94872  -71.00022    265.206     8.4865      8.126    15.9180    32.6620          2     17.164  0.000e+00
    23.9695     11.742   40.94872  -71.00022    265.298     8.4894      8.126    15.9184    32.6637          2     17.164  0.000e+00
    23.9701     11.755   40.94872  -71.00022    265.267     8.4884      8.126    15.9190    32.6646          2     17.183  0.000e+00
    23.9703     11.742   40.94872  -71.00022    265.243     8.4877      8.121    15.9197    32.6651          2     17.164  0.000e+00
    23.9702     11.697   40.94872  -71.00022    265.345     8.4909      8.126    15.9206    32.6653          2     17.099  0.000e+00
    23.9707     11.697   40.94872  -71.00022    265.337     8.4907      8.126    15.9214    32.6661          2     17.099  0.000e+00
    23.9714     11.704   40.94872  -71.00022    265.321     8.4901      8.126    15.9228    32.6674          2     17.108  0.000e+00
    23.9733     11.697   40.94872  -71.00022    265.447     8.4942      8.121    15.9234    32.6701          2     17.099  0.000e+00
    23.9745     11.653   40.94872  -71.00022    265.450     8.4943      8.121    15.9240    32.6718          2     17.033  0.000e+00
    23.9753     11.614   40.94872  -71.00022    265.471     8.4950      8.121    15.9233    32.6727          2     16.977  0.000e+00
    23.9741     11.601   40.94872  -71.00022    265.491     8.4956      8.126    15.9229    32.6710          2     16.958  0.000e+00
    23.9731     11.601   40.94872  -71.00022    265.642     8.5004      8.126    15.9220    32.6694          2     16.958  0.000e+00
    23.9717     11.556   40.94872  -71.00022    265.665     8.5012      8.126    15.9215    32.6675          2     16.892  0.000e+00
    23.9702     11.563   40.94872  -71.00022    265.701     8.5023      8.126    15.9209    32.6653          2     16.902  0.000e+00
    23.9698     11.556   40.94872  -71.00022    265.723     8.5030      8.126    15.9211    32.6649          2     16.892  0.000e+00
    23.9699     11.460   40.94872  -71.00022    265.880     8.5081      8.121    15.9219    32.6653          2     16.752  0.000e+00
    23.9719     11.518   40.94872  -71.00022    265.916     8.5092      8.126    15.9226    32.6681          2     16.836  0.000e+00
    23.9739     11.460   40.94872  -71.00022    266.074     8.5142      8.126    15.9235    32.6709          2     16.752  0.000e+00
    23.9741     11.415   40.94872  -71.00022    265.981     8.5113      8.126    15.9241    32.6713          2     16.686  0.000e+00
    23.9734     11.415   40.94872  -71.00022    266.011     8.5122      8.126    15.9241    32.6705          2     16.686  0.000e+00
    23.9726     11.332   40.94872  -71.00022    266.164     8.5171      8.126    15.9243    32.6695          2     16.564  0.000e+00
    23.9734     11.370   40.94872  -71.00022    266.327     8.5223      8.126    15.9245    32.6705          2     16.620  0.000e+00
    23.9732     11.325   40.94872  -71.00022    266.359     8.5234      8.126    15.9255    32.6705          2     16.555  0.000e+00
    23.9736     11.280   40.94872  -71.00022    266.403     8.5248      8.126    15.9259    32.6712          2     16.489  0.000e+00
    23.9752     11.229   40.94872  -71.00022    266.424     8.5255      8.126    15.9263    32.6733          2     16.414  0.000e+00
    23.9768     11.229   40.94872  -71.00022    266.438     8.5259      8.126    15.9272    32.6757          2     16.414  0.000e+00
    23.9770     11.184   40.94872  -71.00022    266.436     8.5258      8.126    15.9279    32.6762          2     16.348  0.000e+00
    23.9748     11.146   40.94872  -71.00022    266.455     8.5264      8.126    15.9273    32.6732          2     16.292  0.000e+00
    23.9731     11.133   40.94872  -71.00022    266.600     8.5311      8.126    15.9267    32.6708          2     16.273  0.000e+00
