cruise2/ctd/proc/FiveSamv0.cnv
* Sea-Bird SBE 9 Data File:
* FileName = C:\Users\Tech\Documents\DataFiles\SBE 9\FiveSam.hex
* Software Version Seasave V 7.26.7.107
* Temperature SN = 2735
* Conductivity SN = 2257
* Number of Bytes Per Scan = 44
* Number of Voltage Words = 4
* Number of Scans Averaged by the Deck Unit = 1
* NMEA Latitude = 40 56.85 N
* NMEA Longitude = 071 00.19 W
* NMEA UTC (Time) = Oct 12 2022  13:46:46
* NMEA baud rate = 4800
# nquan = 12
# nvalues = 17724                                 
# units = specified
# name 0 = sigma-t00: Density [sigma-t, kg/m^3 ]
# name 1 = depSM: Depth [salt water, m]
# name 2 = latitude: Latitude [deg]
# name 3 = longitude: Longitude [deg]
# name 4 = sbeox0Mm/L: Oxygen, SBE 43 [umol/l]
# name 5 = sbeox0Mg/L: Oxygen, SBE 43 [mg/l]
# name 6 = ph: pH
# name 7 = t090C: Temperature [ITS-90, deg C]
# name 8 = sal00: Salinity, Practical [PSU]
# name 9 = nbf: Bottles Fired
# name 10 = prDE: Pressure, Digiquartz [psi]
# name 11 = flag:  0.000e+00
# span 0 =    23.7232,    24.2505                 
# span 1 =      1.035,     46.247                 
# span 2 =   40.94744,   40.94824                 
# span 3 =  -71.00314,  -71.00138                 
# span 4 =    185.957,    277.596                 
# span 5 =     5.9505,     8.8830                 
# span 6 =      7.962,      8.157                 
# span 7 =    15.4280,    16.2507                 
# span 8 =    32.4370,    32.9080                 
# span 9 =          0,          8                 
# span 10 =      1.513,     67.606                
# span 11 = 0.0000e+00, 0.0000e+00                
# interval = seconds: 0.0416667
# start_time = Oct 12 2022 13:46:49 [System UTC, header]
# bad_flag = -9.990e-29
*END*
[from data line 14076]
    24.0061     20.938   40.94808  -71.00178    260.043     8.3213      8.116    15.9493    32.7204          6     30.606  0.000e+00
    24.0060     20.989   40.94808  -71.00178    260.038     8.3211      8.112    15.9490    32.7201          6     30.682  0.000e+00
    24.0059     20.938   40.94808  -71.00178    260.025     8.3207      8.112    15.9492    32.7201          6     30.606  0.000e+00
    24.0062     20.938   40.94808  -71.00178    260.162     8.3251      8.116    15.9491    32.7204          6     30.606  0.000e+00
    24.0060     20.938   40.94808  -71.00178    260.165     8.3252      8.116    15.9493    32.7202          6     30.606  0.000e+00
    24.0059     20.938   40.94808  -71.00178    260.050     8.3215      8.112    15.9494    32.7201          6     30.606  0.000e+00
    24.0058     20.938   40.94808  -71.00178    260.055     8.3216      8.112    15.9493    32.7199          6     30.606  0.000e+00
    24.0064     20.938   40.94808  -71.00178    260.060     8.3218      8.116    15.9490    32.7206          6     30.606  0.000e+00
    24.0061     20.938   40.94808  -71.00178    260.066     8.3220      8.112    15.9491    32.7203          6     30.606  0.000e+00
    24.0066     20.893   40.94808  -71.00178    260.058     8.3217      8.116    15.9488    32.7208          6     30.541  0.000e+00
    24.0064     20.938   40.94808  -71.00178    260.051     8.3215      8.112    15.9489    32.7206          6     30.606  0.000e+00
    24.0063     20.893   40.94808  -71.00178    260.042     8.3212      8.116    15.9490    32.7205          6     30.541  0.000e+00
    24.0064     20.938   40.94808  -71.00178    260.036     8.3210      8.116    15.9489    32.7206          6     30.606  0.000e+00
    24.0065     20.848   40.94808  -71.00178    260.024     8.3207      8.116    15.9490    32.7207          6     30.475  0.000e+00
    24.0065     20.893   40.94808  -71.00178    260.033     8.3209      8.112    15.9488    32.7207          6     30.541  0.000e+00
    24.0061     20.893   40.94808  -71.00178    260.041     8.3212      8.116    15.9487    32.7202          6     30.541  0.000e+00
    24.0058     20.906   40.94808  -71.00178    260.049     8.3214      8.116    15.9488    32.7198          6     30.560  0.000e+00
    24.0064     20.848   40.94808  -71.00178    260.039     8.3211      8.112    15.9489    32.7205          6     30.475  0.000e+00
    24.0064     20.848   40.94808  -71.00178    260.033     8.3209      8.112    15.9488    32.7206          6     30.475  0.000e+00
    24.0061     20.893   40.94808  -71.00178    260.026     8.3207      8.112    15.9493    32.7204          6     30.541  0.000e+00
    24.0063     20.848   40.94808  -71.00178    259.888     8.3163      8.112    15.9489    32.7205          6     30.475  0.000e+00
    24.0062     20.848   40.94808  -71.00178    259.734     8.3114      8.116    15.9493    32.7204          6     30.475  0.000e+00
    24.0063     20.848   40.94808  -71.00178    259.704     8.3104      8.112    15.9490    32.7205          6     30.475  0.000e+00
    24.0061     20.797   40.94808  -71.00178    259.673     8.3094      8.112    15.9490    32.7202          6     30.400  0.000e+00
    24.0061     20.848   40.94808  -71.00178    259.632     8.3081      8.112    15.9490    32.7202          6     30.475  0.000e+00
    24.0062     20.797   40.94808  -71.00178    259.602     8.3071      8.116    15.9489    32.7204          6     30.400  0.000e+00
    24.0064     20.797   40.94808  -71.00178    259.562     8.3059      8.112    15.9486    32.7205          6     30.400  0.000e+00
    24.0063     20.797   40.94808  -71.00178    259.534     8.3050      8.116    15.9487    32.7204          6     30.400  0.000e+00
    24.0065     20.797   40.94808  -71.00178    259.510     8.3042      8.112    15.9484    32.7206          6     30.400  0.000e+00
    24.0059     20.797   40.94808  -71.00178    259.367     8.2996      8.112    15.9486    32.7198          6     30.400  0.000e+00
    24.0060     20.797   40.94808  -71.00178    259.345     8.2989      8.112    15.9485    32.7200          6     30.400  0.000e+00
    24.0060     20.797   40.94808  -71.00178    259.325     8.2983      8.116    15.9486    32.7200          6     30.400  0.000e+00
    24.0062     20.752   40.94808  -71.00178    259.291     8.2972      8.116    15.9487    32.7203          6     30.334  0.000e+00
    24.0059     20.797   40.94808  -71.00178    259.264     8.2963      8.116    15.9488    32.7200          6     30.400  0.000e+00
    24.0060     20.752   40.94808  -71.00178    259.233     8.2953      8.112    15.9490    32.7201          6     30.334  0.000e+00
    24.0062     20.752   40.94808  -71.00178    259.206     8.2945      8.112    15.9490    32.7204          6     30.334  0.000e+00
    24.0062     20.797   40.94808  -71.00178    259.196     8.2942      8.112    15.9491    32.7204          6     30.400  0.000e+00
    24.0059     20.752   40.94808  -71.00178    259.186     8.2938      8.112    15.9492    32.7201          6     30.334  0.000e+00
    24.0063     20.752   40.94808  -71.00178    259.181     8.2937      8.112    15.9490    32.7204          6     30.334  0.000e+00
    24.0064     20.765   40.94808  -71.00178    259.162     8.2931      8.112    15.9491    32.7207          6     30.353  0.000e+00
    24.0063     20.797   40.94808  -71.00178    259.162     8.2931      8.112    15.9490    32.7205          6     30.400  0.000e+00
    24.0061     20.752   40.94808  -71.00178    259.145     8.2925      8.116    15.9493    32.7203          6     30.334  0.000e+00
    24.0061     20.752   40.94808  -71.00178    259.147     8.2926      8.112    15.9492    32.7203          6     30.334  0.000e+00
    24.0063     20.797   40.94808  -71.00178    259.019     8.2885      8.112    15.9493    32.7205          6     30.400  0.000e+00
    24.0065     20.752   40.94808  -71.00176    259.012     8.2883      8.112    15.9491    32.7208          6     30.334  0.000e+00
    24.0060     20.752   40.94808  -71.00176    259.008     8.2881      8.112    15.9492    32.7202          6     30.334  0.000e+00
    24.0061     20.797   40.94808  -71.00176    259.126     8.2919      8.112    15.9495    32.7203          6     30.400  0.000e+00
    24.0062     20.752   40.94808  -71.00176    258.992     8.2876      8.103    15.9494    32.7204          6     30.334  0.000e+00
    24.0060     20.797   40.94808  -71.00176    259.116     8.2916      8.116    15.9493    32.7202          6     30.400  0.000e+00
    24.0058     20.797   40.94808  -71.00176    258.986     8.2874      8.112    15.9495    32.7200          6     30.400  0.000e+00
    24.0063     20.797   40.94808  -71.00176    258.979     8.2872      8.112    15.9492    32.7206          6     30.400  0.000e+00
    24.0063     20.797   40.94808  -71.00176    258.974     8.2871      8.116    15.9493    32.7205          6     30.400  0.000e+00
    24.0065     20.848   40.94808  -71.00176    258.854     8.2832      8.107    15.9492    32.7209          6     30.475  0.000e+00
    24.0062     20.797   40.94808  -71.00176    258.854     8.2832      8.116    15.9493    32.7204          6     30.400  0.000e+00
    24.0060     20.848   40.94808  -71.00176    258.981     8.2873      8.112    15.9490    32.7201          6     30.475  0.000e+00
    24.0056     20.848   40.94808  -71.00176    258.986     8.2874      8.116    15.9492    32.7196          6     30.475  0.000e+00
    24.0062     20.848   40.94808  -71.00176    258.995     8.2877      8.116    15.9490    32.7204          6     30.475  0.000e+00
    24.0059     20.848   40.94808  -71.00176    259.138     8.2923      8.116    15.9490    32.7200          6     30.475  0.000e+00
    24.0060     20.893   40.94808  -71.00176    258.902     8.2847      8.112    15.9488    32.7200          6     30.541  0.000e+00
    24.0060     20.848   40.94808  -71.00176    258.902     8.2847      8.112    15.9488    32.7200          6     30.475  0.000e+00
    24.0059     20.893   40.94808  -71.00176    258.908     8.2849      8.112    15.9489    32.7200          6     30.541  0.000e+00
    24.0062     20.893   40.94808  -71.00176    258.914     8.2851      8.116    15.9490    32.7204          6     30.541  0.000e+00
    24.0062     20.957   40.94808  -71.00176    259.058     8.2897      8.116    15.9490    32.7204          6     30.635  0.000e+00
    24.0060     20.893   40.94808  -71.00176    259.082     8.2905      8.116    15.9491    32.7202          6     30.541  0.000e+00
    24.0063     20.938   40.94808  -71.00176    259.110     8.2914      8.116    15.9491    32.7205          6     30.606  0.000e+00
    24.0063     20.938   40.94808  -71.00176    259.272     8.2966      8.116    15.9492    32.7206          6     30.606  0.000e+00
    24.0065     20.989   40.94808  -71.00176    259.188     8.2939      8.121    15.9490    32.7207          6     30.681  0.000e+00
    24.0067     20.938   40.94808  -71.00176    259.352     8.2992      8.116    15.9490    32.7210          6     30.606  0.000e+00
    24.0063     20.989   40.94810  -71.00176    259.404     8.3008      8.112    15.9491    32.7205          6     30.681  0.000e+00
    24.0061     20.989   40.94810  -71.00176    259.442     8.3020      8.112    15.9490    32.7202          6     30.681  0.000e+00
    24.0063     21.034   40.94810  -71.00176    259.466     8.3028      8.112    15.9490    32.7205          6     30.747  0.000e+00
    24.0060     20.989   40.94810  -71.00176    259.490     8.3036      8.116    15.9490    32.7201          6     30.681  0.000e+00
    24.0064     21.034   40.94810  -71.00176    259.650     8.3087      8.116    15.9489    32.7205          6     30.747  0.000e+00
    24.0063     21.034   40.94810  -71.00176    259.555     8.3056      8.116    15.9490    32.7205          6     30.747  0.000e+00
    24.0064     21.034   40.94810  -71.00176    259.581     8.3065      8.116    15.9490    32.7207          6     30.747  0.000e+00
    24.0064     21.034   40.94810  -71.00176    259.607     8.3073      8.112    15.9489    32.7206          6     30.747  0.000e+00
    24.0062     21.079   40.94810  -71.00176    259.636     8.3082      8.112    15.9490    32.7204          6     30.813  0.000e+00
    24.0062     21.079   40.94810  -71.00176    259.796     8.3134      8.116    15.9489    32.7203          6     30.813  0.000e+00
    24.0064     21.079   40.94810  -71.00176    259.823     8.3142      8.116    15.9488    32.7205          6     30.813  0.000e+00
    24.0064     21.079   40.94810  -71.00176    259.849     8.3151      8.112    15.9488    32.7205          6     30.813  0.000e+00
    24.0060     21.079   40.94810  -71.00176    259.875     8.3159      8.116    15.9489    32.7201          6     30.813  0.000e+00
    24.0059     21.079   40.94810  -71.00176    259.768     8.3124      8.116    15.9490    32.7200          6     30.813  0.000e+00
    24.0064     21.124   40.94810  -71.00176    259.781     8.3129      8.112    15.9487    32.7206          6     30.878  0.000e+00
    24.0066     21.079   40.94810  -71.00176    259.790     8.3132      8.112    15.9490    32.7209          6     30.813  0.000e+00
    24.0064     21.124   40.94810  -71.00176    259.803     8.3136      8.112    15.9490    32.7206          6     30.878  0.000e+00
    24.0063     21.079   40.94810  -71.00176    259.947     8.3182      8.121    15.9489    32.7205          6     30.813  0.000e+00
    24.0066     21.124   40.94810  -71.00176    259.974     8.3191      8.116    15.9486    32.7207          6     30.878  0.000e+00
    24.0060     21.124   40.94810  -71.00176    259.998     8.3198      8.116    15.9489    32.7200          6     30.878  0.000e+00
    24.0057     21.098   40.94810  -71.00176    259.887     8.3163      8.116    15.9491    32.7197          6     30.841  0.000e+00
    24.0059     21.124   40.94810  -71.00176    259.766     8.3124      8.112    15.9490    32.7200          6     30.878  0.000e+00
    24.0061     21.124   40.94810  -71.00176    259.896     8.3165      8.116    15.9489    32.7202          6     30.878  0.000e+00
    24.0059     21.079   40.94810  -71.00176    259.906     8.3169      8.116    15.9488    32.7200          6     30.813  0.000e+00
    24.0060     21.124   40.94810  -71.00176    259.903     8.3168      8.116    15.9489    32.7201          6     30.878  0.000e+00
    24.0063     21.124   40.94810  -71.00176    259.899     8.3167      8.116    15.9488    32.7205          6     30.878  0.000e+00
    24.0061     21.079   40.94810  -71.00176    259.761     8.3122      8.116    15.9488    32.7202          6     30.813  0.000e+00
    24.0060     21.124   40.94810  -71.00176    259.891     8.3164      8.112    15.9489    32.7201          6     30.878  0.000e+00
    24.0062     21.079   40.94810  -71.00176    259.751     8.3119      8.112    15.9490    32.7203          6     30.813  0.000e+00
    24.0058     21.124   40.94810  -71.00176    259.615     8.3076      8.112    15.9492    32.7200          6     30.878  0.000e+00
    24.0057     21.079   40.94810  -71.00176    259.585     8.3066      8.112    15.9491    32.7197          6     30.813  0.000e+00
    24.0062     21.079   40.94810  -71.00176    259.819     8.3141      8.116    15.9491    32.7204          6     30.813  0.000e+00
    24.0065     21.124   40.94810  -71.00176    259.818     8.3141      8.116    15.9489    32.7208          6     30.878  0.000e+00
    24.0061     21.034   40.94810  -71.00176    259.797     8.3134      8.112    15.9491    32.7202          6     30.747  0.000e+00
    24.0063     21.079   40.94810  -71.00176    259.780     8.3129      8.116    15.9489    32.7204          6     30.813  0.000e+00
    24.0059     21.079   40.94810  -71.00176    259.774     8.3127      8.103    15.9490    32.7200          6     30.813  0.000e+00
    24.0063     21.079   40.94810  -71.00176    259.767     8.3124      8.112    15.9490    32.7204          6     30.813  0.000e+00
    24.0066     21.034   40.94810  -71.00176    259.758     8.3121      8.112    15.9489    32.7209          6     30.747  0.000e+00
    24.0063     21.079   40.94810  -71.00176    259.766     8.3124      8.112    15.9490    32.7204          6     30.813  0.000e+00
    24.0059     21.034   40.94810  -71.00176    259.875     8.3159      8.107    15.9490    32.7200          6     30.747  0.000e+00
    24.0059     21.034   40.94810  -71.00176    259.866     8.3156      8.116    15.9490    32.7200          6     30.747  0.000e+00
    24.0061     21.034   40.94810  -71.00176    259.853     8.3152      8.116    15.9491    32.7203          6     30.747  0.000e+00
    24.0062     21.034   40.94810  -71.00176    259.838     8.3147      8.116    15.9492    32.7204          6     30.747  0.000e+00
    24.0063     21.034   40.94810  -71.00176    259.839     8.3147      8.116    15.9490    32.7205          6     30.747  0.000e+00
    24.0059     21.034   40.94810  -71.00176    259.836     8.3146      8.112    15.9492    32.7201          6     30.747  0.000e+00
    24.0059     20.989   40.94810  -71.00176    259.830     8.3145      8.112    15.9493    32.7201          6     30.681  0.000e+00
    24.0062     21.034   40.94810  -71.00176    259.709     8.3106      8.112    15.9491    32.7204          6     30.747  0.000e+00
    24.0060     21.002   40.94810  -71.00176    259.824     8.3142      8.112    15.9490    32.7201          6     30.700  0.000e+00
    24.0057     20.989   40.94810  -71.00176    259.699     8.3103      8.112    15.9491    32.7198          6     30.681  0.000e+00
    24.0062     20.989   40.94810  -71.00176    259.694     8.3101      8.116    15.9490    32.7204          6     30.681  0.000e+00
    24.0061     20.989   40.94810  -71.00176    259.689     8.3099      8.112    15.9491    32.7202          6     30.681  0.000e+00
