cruise2/ctd/proc/FiveSamagainv0.cnv
* Sea-Bird SBE 9 Data File:
* FileName = C:\Users\Tech\Documents\DataFiles\SBE 9\FiveSamagain.hex
* Software Version Seasave V 7.26.7.107
* Temperature SN = 2735
* Conductivity SN = 2257
* Number of Bytes Per Scan = 44
* Number of Voltage Words = 4
* Number of Scans Averaged by the Deck Unit = 1
* NMEA Latitude = 40 56.91 N
* NMEA Longitude = 071 00.05 W
* NMEA UTC (Time) = Oct 12 2022  14:02:51
* NMEA baud rate = 4800
# nquan = 12
# nvalues = 5765                                  
# units = specified
# name 0 = sigma-t00: Density [sigma-t, kg/m^3 ]
# name 1 = depSM: Depth [salt water, m]
# name 2 = latitude: Latitude [deg]
# name 3 = longitude: Longitude [deg]
# name 4 = sbeox0Mm/L: Oxygen, SBE 43 [umol/l]
# name 5 = sbeox0Mg/L: Oxygen, SBE 43 [mg/l]
# name 6 = ph: pH
# name 7 = t090C: Temperature [ITS-90, deg C]
# name 8 = sal00: Salinity, Practical [PSU]
# name 9 = nbf: Bottles Fired
# name 10 = prDE: Pressure, Digiquartz [psi]
# name 11 = flag:  0.000e+00
# span 0 =    23.7153,    24.0424                 
# span 1 =      1.047,     30.668                 
# span 2 =   40.94848,   40.94874                 
# span 3 =  -71.00080,  -71.00016                 
# span 4 =    213.156,    294.211                 
# span 5 =     6.8209,     9.4146                 
# span 6 =      8.080,      8.157                 
# span 7 =    15.9149,    16.2421                 
# span 8 =    32.4278,    32.7701                 
# span 9 =          0,          2                 
# span 10 =      1.531,     44.830                
# span 11 = 0.0000e+00, 0.0000e+00                
# interval = seconds: 0.0416667
# start_time = Oct 12 2022 14:02:54 [System UTC, header]
# bad_flag = -9.990e-29
*END*
[from data line 1204]
    23.7282      5.838   40.94854  -71.00068    273.259     8.7442      8.143    16.2342    32.4422          0      8.534  0.000e+00
    23.7288      5.838   40.94854  -71.00068    273.227     8.7431      8.147    16.2312    32.4421          0      8.534  0.000e+00
    23.7305      5.838   40.94854  -71.00068    273.232     8.7433      8.143    16.2237    32.4422          0      8.534  0.000e+00
    23.7336      5.890   40.94854  -71.00068    273.244     8.7437      8.147    16.2126    32.4428          0      8.609  0.000e+00
    23.7357      5.928   40.94854  -71.00068    273.264     8.7443      8.157    16.2024    32.4426          0      8.665  0.000e+00
    23.7374      5.928   40.94854  -71.00068    273.265     8.7443      8.143    16.1948    32.4425          0      8.665  0.000e+00
    23.7379      5.980   40.94854  -71.00068    273.260     8.7442      8.148    16.1905    32.4420          0      8.740  0.000e+00
    23.7403      5.980   40.94854  -71.00068    273.266     8.7444      8.148    16.1837    32.4430          0      8.740  0.000e+00
    23.7423      6.031   40.94854  -71.00068    273.267     8.7444      8.143    16.1777    32.4439          0      8.815  0.000e+00
    23.7436      6.069   40.94854  -71.00068    273.276     8.7447      8.148    16.1725    32.4441          0      8.872  0.000e+00
    23.7451      6.076   40.94854  -71.00068    273.284     8.7450      8.148    16.1674    32.4445          0      8.881  0.000e+00
    23.7457      6.121   40.94854  -71.00068    273.265     8.7443      8.148    16.1647    32.4445          0      8.947  0.000e+00
    23.7461      6.121   40.94854  -71.00068    273.250     8.7439      8.143    16.1629    32.4446          0      8.947  0.000e+00
    23.7465      6.172   40.94854  -71.00068    273.231     8.7433      8.143    16.1623    32.4448          0      9.022  0.000e+00
    23.7467      6.210   40.94854  -71.00068    273.225     8.7431      8.143    16.1615    32.4449          0      9.078  0.000e+00
    23.7473      6.217   40.94854  -71.00068    273.217     8.7428      8.134    16.1609    32.4455          0      9.087  0.000e+00
    23.7465      6.262   40.94854  -71.00068    273.200     8.7423      8.148    16.1643    32.4454          0      9.153  0.000e+00
    23.7458      6.307   40.94854  -71.00068    273.160     8.7410      8.143    16.1693    32.4460          0      9.219  0.000e+00
    23.7442      6.313   40.94854  -71.00068    273.105     8.7392      8.143    16.1768    32.4461          0      9.228  0.000e+00
    23.7417      6.352   40.94854  -71.00068    273.067     8.7380      8.148    16.1843    32.4451          0      9.284  0.000e+00
    23.7412      6.358   40.94854  -71.00068    273.042     8.7372      8.148    16.1888    32.4458          0      9.294  0.000e+00
    23.7413      6.403   40.94854  -71.00068    273.157     8.7409      8.143    16.1922    32.4469          0      9.359  0.000e+00
    23.7393      6.448   40.94854  -71.00068    273.146     8.7405      8.148    16.1975    32.4459          0      9.425  0.000e+00
    23.7357      6.454   40.94854  -71.00068    272.994     8.7357      8.143    16.2046    32.4433          0      9.434  0.000e+00
    23.7345      6.493   40.94854  -71.00068    273.002     8.7359      8.143    16.2047    32.4418          0      9.491  0.000e+00
    23.7361      6.499   40.94854  -71.00068    273.058     8.7377      8.143    16.1961    32.4413          0      9.500  0.000e+00
    23.7393      6.544   40.94854  -71.00068    273.270     8.7445      8.143    16.1836    32.4418          0      9.566  0.000e+00
    23.7423      6.595   40.94854  -71.00068    273.368     8.7477      8.143    16.1727    32.4424          0      9.641  0.000e+00
    23.7452      6.589   40.94854  -71.00068    273.436     8.7498      8.143    16.1641    32.4437          0      9.631  0.000e+00
    23.7470      6.634   40.94854  -71.00068    273.490     8.7515      8.148    16.1583    32.4444          0      9.697  0.000e+00
    23.7485      6.685   40.94854  -71.00068    273.407     8.7489      8.143    16.1533    32.4448          0      9.772  0.000e+00
    23.7498      6.679   40.94854  -71.00068    273.439     8.7499      8.143    16.1490    32.4453          0      9.762  0.000e+00
    23.7504      6.685   40.94854  -71.00068    273.461     8.7506      8.148    16.1465    32.4452          0      9.772  0.000e+00
    23.7510      6.775   40.94854  -71.00068    273.613     8.7555      8.143    16.1448    32.4457          0      9.903  0.000e+00
    23.7515      6.730   40.94854  -71.00068    273.640     8.7563      8.148    16.1436    32.4458          0      9.837  0.000e+00
    23.7521      6.826   40.94854  -71.00068    273.541     8.7532      8.139    16.1419    32.4462          0      9.978  0.000e+00
    23.7529      6.820   40.94854  -71.00068    273.703     8.7584      8.143    16.1404    32.4468          0      9.969  0.000e+00
    23.7535      6.826   40.94854  -71.00068    273.599     8.7550      8.143    16.1393    32.4473          0      9.978  0.000e+00
    23.7541      6.916   40.94854  -71.00068    273.749     8.7598      8.148    16.1383    32.4477          0     10.109  0.000e+00
    23.7541      6.871   40.94854  -71.00068    273.758     8.7601      8.143    16.1380    32.4477          0     10.044  0.000e+00
    23.7542      6.967   40.94854  -71.00068    273.773     8.7606      8.143    16.1374    32.4475          0     10.184  0.000e+00
    23.7545      6.961   40.94854  -71.00068    273.927     8.7655      8.143    16.1371    32.4478          0     10.175  0.000e+00
    23.7550      6.922   40.94854  -71.00068    273.948     8.7662      8.143    16.1366    32.4484          0     10.119  0.000e+00
    23.7557      7.057   40.94854  -71.00068    273.972     8.7670      8.143    16.1364    32.4492          0     10.316  0.000e+00
    23.7566      7.057   40.94854  -71.00068    273.976     8.7671      8.148    16.1362    32.4503          0     10.316  0.000e+00
    23.7575      7.064   40.94854  -71.00068    273.992     8.7676      8.143    16.1360    32.4514          0     10.325  0.000e+00
    23.7582      7.102   40.94854  -71.00068    273.996     8.7678      8.148    16.1356    32.4523          0     10.381  0.000e+00
    23.7595      7.153   40.94854  -71.00068    273.995     8.7677      8.143    16.1356    32.4540          0     10.456  0.000e+00
    23.7604      7.108   40.94854  -71.00068    273.995     8.7677      8.143    16.1369    32.4556          0     10.391  0.000e+00
    23.7612      7.198   40.94854  -71.00068    273.999     8.7679      8.143    16.1381    32.4569          0     10.522  0.000e+00
    23.7626      7.205   40.94854  -71.00068    274.003     8.7680      8.143    16.1386    32.4589          0     10.531  0.000e+00
    23.7628      7.243   40.94854  -71.00068    274.007     8.7681      8.148    16.1395    32.4594          0     10.587  0.000e+00
    23.7636      7.294   40.94854  -71.00068    274.015     8.7684      8.152    16.1395    32.4604          0     10.662  0.000e+00
    23.7637      7.250   40.94854  -71.00068    274.018     8.7684      8.143    16.1398    32.4607          0     10.597  0.000e+00
    23.7647      7.339   40.94854  -71.00068    274.023     8.7686      8.143    16.1400    32.4621          0     10.728  0.000e+00
    23.7649      7.346   40.94854  -71.00068    274.027     8.7688      8.152    16.1400    32.4623          0     10.737  0.000e+00
    23.7655      7.384   40.94854  -71.00068    274.032     8.7689      8.143    16.1398    32.4630          0     10.794  0.000e+00
    23.7663      7.384   40.94854  -71.00068    274.032     8.7689      8.143    16.1398    32.4640          0     10.794  0.000e+00
    23.7662      7.436   40.94854  -71.00068    274.036     8.7690      8.129    16.1397    32.4639          0     10.869  0.000e+00
    23.7665      7.429   40.94854  -71.00068    274.035     8.7690      8.143    16.1397    32.4642          0     10.859  0.000e+00
    23.7665      7.480   40.94854  -71.00068    273.904     8.7648      8.143    16.1397    32.4643          0     10.934  0.000e+00
    23.7667      7.532   40.94854  -71.00068    273.892     8.7644      8.143    16.1395    32.4644          0     11.009  0.000e+00
    23.7672      7.525   40.94854  -71.00068    273.876     8.7639      8.143    16.1393    32.4651          0     11.000  0.000e+00
    23.7673      7.577   40.94854  -71.00068    273.863     8.7635      8.143    16.1391    32.4651          0     11.075  0.000e+00
    23.7685      7.570   40.94854  -71.00068    273.854     8.7632      8.143    16.1376    32.4663          0     11.066  0.000e+00
    23.7704      7.622   40.94854  -71.00068    273.718     8.7588      8.143    16.1352    32.4680          0     11.141  0.000e+00
    23.7719      7.673   40.94854  -71.00068    273.698     8.7582      8.143    16.1333    32.4695          0     11.216  0.000e+00
    23.7729      7.666   40.94854  -71.00068    273.545     8.7533      8.143    16.1314    32.4702          0     11.206  0.000e+00
    23.7735      7.718   40.94854  -71.00068    273.513     8.7523      8.143    16.1299    32.4705          0     11.281  0.000e+00
    23.7750      7.711   40.94854  -71.00068    273.478     8.7512      8.143    16.1282    32.4720          0     11.272  0.000e+00
    23.7759      7.763   40.94854  -71.00068    273.460     8.7506      8.143    16.1265    32.4727          0     11.347  0.000e+00
    23.7770      7.814   40.94854  -71.00068    273.441     8.7500      8.143    16.1253    32.4737          0     11.422  0.000e+00
    23.7779      7.808   40.94854  -71.00068    273.273     8.7446      8.139    16.1243    32.4745          0     11.413  0.000e+00
    23.7789      7.904   40.94854  -71.00068    273.230     8.7433      8.143    16.1231    32.4756          0     11.553  0.000e+00
    23.7804      7.859   40.94854  -71.00068    273.186     8.7418      8.143    16.1213    32.4770          0     11.488  0.000e+00
    23.7810      7.949   40.94854  -71.00068    273.160     8.7410      8.143    16.1202    32.4774          0     11.619  0.000e+00
    23.7818      7.859   40.94854  -71.00068    273.129     8.7400      8.143    16.1189    32.4780          0     11.488  0.000e+00
    23.7823      8.045   40.94854  -71.00068    273.240     8.7435      8.143    16.1179    32.4785          0     11.760  0.000e+00
    23.7833      7.994   40.94854  -71.00068    273.094     8.7389      8.143    16.1166    32.4793          0     11.685  0.000e+00
    23.7839      8.045   40.94854  -71.00068    273.059     8.7378      8.143    16.1154    32.4797          0     11.760  0.000e+00
    23.7850      8.090   40.94854  -71.00068    273.025     8.7367      8.143    16.1138    32.4808          0     11.825  0.000e+00
    23.7853      8.090   40.94854  -71.00068    272.985     8.7354      8.143    16.1135    32.4810          0     11.825  0.000e+00
    23.7857      8.141   40.94854  -71.00068    272.965     8.7348      8.143    16.1126    32.4813          0     11.900  0.000e+00
    23.7866      8.180   40.94854  -71.00068    273.080     8.7384      8.143    16.1114    32.4822          0     11.956  0.000e+00
    23.7878      8.180   40.94854  -71.00068    273.065     8.7380      8.143    16.1096    32.4831          0     11.956  0.000e+00
    23.7889      8.237   40.94854  -71.00068    273.065     8.7380      8.139    16.1078    32.4841          0     12.041  0.000e+00
    23.7896      8.276   40.94854  -71.00068    272.920     8.7333      8.139    16.1063    32.4846          0     12.097  0.000e+00
    23.7906      8.282   40.94854  -71.00068    273.039     8.7371      8.139    16.1048    32.4854          0     12.107  0.000e+00
    23.7925      8.321   40.94854  -71.00068    273.046     8.7374      8.139    16.1022    32.4871          0     12.163  0.000e+00
    23.7944      8.321   40.94854  -71.00068    272.924     8.7335      8.143    16.0992    32.4886          0     12.163  0.000e+00
    23.7960      8.423   40.94854  -71.00068    273.072     8.7382      8.139    16.0962    32.4900          0     12.313  0.000e+00
    23.8002      8.417   40.94854  -71.00068    273.113     8.7395      8.139    16.0901    32.4935          0     12.303  0.000e+00
    23.8046      8.462   40.94854  -71.00068    273.162     8.7411      8.148    16.0833    32.4973          0     12.369  0.000e+00
    23.8096      8.520   40.94854  -71.00068    273.083     8.7385      8.139    16.0759    32.5016          0     12.453  0.000e+00
    23.8143      8.513   40.94854  -71.00068    273.122     8.7398      8.139    16.0687    32.5056          0     12.444  0.000e+00
    23.8185      8.558   40.94854  -71.00068    273.294     8.7453      8.143    16.0622    32.5093          0     12.510  0.000e+00
    23.8230      8.609   40.94854  -71.00068    273.221     8.7429      8.139    16.0551    32.5130          0     12.585  0.000e+00
    23.8290      8.603   40.94854  -71.00068    273.276     8.7447      8.139    16.0459    32.5182          0     12.575  0.000e+00
    23.8373      8.654   40.94854  -71.00068    273.353     8.7472      8.139    16.0332    32.5252          0     12.650  0.000e+00
    23.8450      8.706   40.94854  -71.00068    273.435     8.7498      8.139    16.0204    32.5315          0     12.725  0.000e+00
    23.8523      8.699   40.94854  -71.00068    273.379     8.7480      8.139    16.0085    32.5375          0     12.716  0.000e+00
    23.8585      8.796   40.94854  -71.00068    273.437     8.7498      8.135    15.9990    32.5428          0     12.857  0.000e+00
    23.8627      8.751   40.94854  -71.00068    273.346     8.7470      8.139    15.9921    32.5462          0     12.791  0.000e+00
    23.8660      8.840   40.94854  -71.00068    273.376     8.7479      8.135    15.9867    32.5490          0     12.922  0.000e+00
    23.8685      8.847   40.94854  -71.00068    273.396     8.7485      8.121    15.9832    32.5512          0     12.932  0.000e+00
    23.8704      8.885   40.94854  -71.00068    273.285     8.7450      8.135    15.9802    32.5528          0     12.988  0.000e+00
    23.8725      8.937   40.94854  -71.00068    273.428     8.7496      8.135    15.9775    32.5547          0     13.063  0.000e+00
    23.8747      8.943   40.94854  -71.00068    273.320     8.7461      8.135    15.9749    32.5569          0     13.072  0.000e+00
    23.8762      8.982   40.94854  -71.00068    273.202     8.7423      8.135    15.9729    32.5583          0     13.129  0.000e+00
    23.8775      8.982   40.94854  -71.00068    273.190     8.7419      8.135    15.9714    32.5595          0     13.129  0.000e+00
    23.8781      9.078   40.94854  -71.00068    273.182     8.7417      8.135    15.9705    32.5599          0     13.269  0.000e+00
    23.8791      9.026   40.94854  -71.00066    273.173     8.7414      8.130    15.9695    32.5609          0     13.194  0.000e+00
    23.8805      9.123   40.94854  -71.00066    273.039     8.7371      8.130    15.9685    32.5625          0     13.335  0.000e+00
    23.8818      9.129   40.94854  -71.00066    273.024     8.7366      8.135    15.9678    32.5640          0     13.344  0.000e+00
    23.8824      9.168   40.94854  -71.00066    272.736     8.7274      8.130    15.9673    32.5647          0     13.401  0.000e+00
    23.8832      9.168   40.94854  -71.00066    272.690     8.7260      8.130    15.9667    32.5655          0     13.401  0.000e+00
    23.8836      9.219   40.94854  -71.00066    272.636     8.7242      8.130    15.9664    32.5660          0     13.476  0.000e+00
    23.8840      9.212   40.94854  -71.00066    272.319     8.7141      8.130    15.9662    32.5664          0     13.466  0.000e+00
    23.8847      9.264   40.94854  -71.00066    272.249     8.7118      8.130    15.9657    32.5671          0     13.541  0.000e+00
