cruise2/ctd/proc/NINEv0.cnv
* Sea-Bird SBE 9 Data File:
* FileName = C:\Users\Tech\Documents\DataFiles\SBE 9\NINE.hex
* Software Version Seasave V 7.26.7.107
* Temperature SN = 2735
* Conductivity SN = 2257
* Number of Bytes Per Scan = 44
* Number of Voltage Words = 4
* Number of Scans Averaged by the Deck Unit = 1
* NMEA Latitude = 40 11.97 N
* NMEA Longitude = 070 59.76 W
* NMEA UTC (Time) = Oct 12 2022  04:28:15
* NMEA baud rate = 4800
# nquan = 12
# nvalues = 30153                                 
# units = specified
# name 0 = sigma-t00: Density [sigma-t, kg/m^3 ]
# name 1 = depSM: Depth [salt water, m]
# name 2 = latitude: Latitude [deg]
# name 3 = longitude: Longitude [deg]
# name 4 = sbeox0Mm/L: Oxygen, SBE 43 [umol/l]
# name 5 = sbeox0Mg/L: Oxygen, SBE 43 [mg/l]
# name 6 = ph: pH
# name 7 = t090C: Temperature [ITS-90, deg C]
# name 8 = sal00: Salinity, Practical [PSU]
# name 9 = nbf: Bottles Fired
# name 10 = prDE: Pressure, Digiquartz [psi]
# name 11 = flag:  0.000e+00
# span 0 =    23.9756,    26.6591                 
# span 1 =      0.898,    124.450                 
# span 2 =   40.19922,   40.19952                 
# span 3 =  -70.99592,  -70.99170                 
# span 4 =    152.675,    251.322                 
# span 5 =     4.8855,     8.0422                 
# span 6 =      7.976,      8.194                 
# span 7 =    12.1882,    17.8269                 
# span 8 =    33.0466,    35.5941                 
# span 9 =          0,         12                 
# span 10 =      1.312,    181.951                
# span 11 = 0.0000e+00, 0.0000e+00                
# interval = seconds: 0.0416667
# start_time = Oct 12 2022 04:28:18 [System UTC, header]
# bad_flag = -9.990e-29
*END*
[from data line 26948]
    24.2425     25.657   40.19922  -70.99214    230.012     7.3603      8.146    17.6960    33.5589         10     37.502  0.000e+00
    24.2420     25.657   40.19922  -70.99214    230.019     7.3605      8.146    17.6978    33.5589         10     37.502  0.000e+00
    24.2418     25.612   40.19922  -70.99214    230.144     7.3645      8.151    17.7004    33.5594         10     37.437  0.000e+00
    24.2414     25.657   40.19922  -70.99214    230.037     7.3611      8.146    17.7019    33.5594         10     37.502  0.000e+00
    24.2413     25.612   40.19922  -70.99214    230.165     7.3652      8.151    17.7036    33.5598         10     37.437  0.000e+00
    24.2409     25.657   40.19922  -70.99214    230.183     7.3657      8.151    17.7048    33.5597         10     37.502  0.000e+00
    24.2404     25.637   40.19922  -70.99214    230.064     7.3620      8.151    17.7050    33.5591         10     37.474  0.000e+00
    24.2394     25.612   40.19922  -70.99214    230.055     7.3617      8.151    17.7060    33.5580         10     37.437  0.000e+00
    24.2387     25.657   40.19922  -70.99214    230.049     7.3615      8.146    17.7063    33.5573         10     37.502  0.000e+00
    24.2391     25.612   40.19922  -70.99214    230.040     7.3612      8.151    17.7062    33.5577         10     37.437  0.000e+00
    24.2390     25.657   40.19922  -70.99214    230.046     7.3614      8.151    17.7060    33.5575         10     37.502  0.000e+00
    24.2392     25.612   40.19922  -70.99214    229.920     7.3573      8.151    17.7061    33.5578         10     37.437  0.000e+00
    24.2399     25.657   40.19922  -70.99214    229.796     7.3534      8.146    17.7059    33.5587         10     37.502  0.000e+00
    24.2402     25.657   40.19922  -70.99214    229.912     7.3571      8.151    17.7060    33.5591         10     37.502  0.000e+00
    24.2405     25.612   40.19922  -70.99214    229.787     7.3531      8.155    17.7059    33.5595         10     37.436  0.000e+00
    24.2408     25.657   40.19922  -70.99214    229.777     7.3528      8.151    17.7063    33.5599         10     37.502  0.000e+00
    24.2407     25.657   40.19922  -70.99214    229.769     7.3525      8.146    17.7062    33.5598         10     37.502  0.000e+00
    24.2405     25.657   40.19922  -70.99214    229.761     7.3523      8.151    17.7062    33.5596         10     37.502  0.000e+00
    24.2407     25.657   40.19922  -70.99214    229.753     7.3520      8.146    17.7063    33.5599         10     37.502  0.000e+00
    24.2409     25.657   40.19922  -70.99214    229.732     7.3513      8.146    17.7065    33.5601         10     37.502  0.000e+00
    24.2407     25.708   40.19922  -70.99214    229.714     7.3507      8.151    17.7068    33.5600         10     37.577  0.000e+00
    24.2407     25.657   40.19922  -70.99214    229.569     7.3461      8.151    17.7063    33.5599         10     37.502  0.000e+00
    24.2405     25.689   40.19922  -70.99214    229.533     7.3449      8.151    17.7053    33.5593         10     37.549  0.000e+00
    24.2408     25.708   40.19922  -70.99214    229.509     7.3442      8.151    17.7040    33.5593         10     37.577  0.000e+00
    24.2411     25.708   40.19922  -70.99214    229.359     7.3394      8.151    17.7026    33.5592         10     37.577  0.000e+00
    24.2412     25.753   40.19922  -70.99214    229.323     7.3382      8.151    17.7019    33.5592         10     37.643  0.000e+00
    24.2417     25.708   40.19922  -70.99214    229.158     7.3329      8.151    17.7013    33.5596         10     37.577  0.000e+00
    24.2417     25.753   40.19922  -70.99214    229.237     7.3355      8.151    17.7009    33.5595         10     37.643  0.000e+00
    24.2417     25.753   40.19922  -70.99214    229.203     7.3344      8.151    17.7002    33.5592         10     37.643  0.000e+00
    24.2416     25.753   40.19922  -70.99214    229.170     7.3334      8.146    17.6995    33.5589         10     37.643  0.000e+00
    24.2421     25.753   40.19922  -70.99214    229.139     7.3323      8.151    17.6986    33.5592         10     37.643  0.000e+00
    24.2420     25.798   40.19922  -70.99214    228.982     7.3273      8.151    17.6981    33.5590         10     37.709  0.000e+00
    24.2420     25.798   40.19922  -70.99214    229.079     7.3304      8.151    17.6974    33.5588         10     37.709  0.000e+00
    24.2424     25.798   40.19922  -70.99214    229.050     7.3295      8.151    17.6967    33.5590         10     37.709  0.000e+00
    24.2422     25.798   40.19922  -70.99214    228.908     7.3249      8.151    17.6964    33.5586         10     37.709  0.000e+00
    24.2418     25.843   40.19922  -70.99214    228.745     7.3197      8.151    17.6960    33.5581         10     37.774  0.000e+00
    24.2423     25.843   40.19922  -70.99214    228.709     7.3186      8.151    17.6955    33.5585         10     37.774  0.000e+00
    24.2427     25.843   40.19922  -70.99214    228.789     7.3211      8.151    17.6950    33.5589         10     37.774  0.000e+00
    24.2424     25.875   40.19922  -70.99214    228.644     7.3165      8.151    17.6945    33.5584         10     37.821  0.000e+00
    24.2427     25.894   40.19922  -70.99214    228.492     7.3116      8.151    17.6934    33.5584         10     37.849  0.000e+00
    24.2427     25.894   40.19922  -70.99214    228.315     7.3060      8.151    17.6931    33.5583         10     37.849  0.000e+00
    24.2427     25.939   40.19922  -70.99214    228.253     7.3040      8.151    17.6932    33.5583         10     37.915  0.000e+00
    24.2425     25.894   40.19922  -70.99214    228.077     7.2984      8.151    17.6938    33.5583         10     37.849  0.000e+00
    24.2425     25.939   40.19922  -70.99214    228.020     7.2965      8.151    17.6945    33.5584         10     37.915  0.000e+00
    24.2423     25.939   40.19922  -70.99214    227.961     7.2946      8.151    17.6962    33.5587         10     37.915  0.000e+00
    24.2420     25.984   40.19922  -70.99214    227.782     7.2889      8.151    17.6978    33.5589         10     37.981  0.000e+00
    24.2425     25.984   40.19922  -70.99214    227.853     7.2912      8.151    17.6978    33.5595         10     37.981  0.000e+00
    24.2428     25.939   40.19922  -70.99214    227.692     7.2860      8.151    17.6969    33.5596         10     37.915  0.000e+00
    24.2429     25.984   40.19922  -70.99214    227.665     7.2852      8.151    17.6958    33.5594         10     37.981  0.000e+00
    24.2428     26.035   40.19922  -70.99214    227.516     7.2804      8.151    17.6951    33.5590         10     38.056  0.000e+00
    24.2431     25.984   40.19922  -70.99214    227.485     7.2794      8.151    17.6941    33.5592         10     37.981  0.000e+00
    24.2427     26.035   40.19922  -70.99214    227.473     7.2790      8.151    17.6936    33.5585         10     38.056  0.000e+00
    24.2425     26.035   40.19922  -70.99214    227.322     7.2742      8.151    17.6939    33.5583         10     38.056  0.000e+00
    24.2428     26.016   40.19922  -70.99214    227.303     7.2736      8.151    17.6941    33.5588         10     38.027  0.000e+00
    24.2424     26.035   40.19922  -70.99214    227.416     7.2772      8.151    17.6950    33.5586         10     38.056  0.000e+00
    24.2426     26.035   40.19922  -70.99214    227.281     7.2729      8.151    17.6957    33.5590         10     38.056  0.000e+00
    24.2427     26.035   40.19922  -70.99214    227.269     7.2725      8.151    17.6957    33.5591         10     38.056  0.000e+00
    24.2426     26.035   40.19922  -70.99214    227.263     7.2723      8.151    17.6960    33.5592         10     38.056  0.000e+00
    24.2425     26.035   40.19922  -70.99214    227.388     7.2763      8.146    17.6964    33.5590         10     38.056  0.000e+00
    24.2422     26.080   40.19922  -70.99214    227.408     7.2770      8.151    17.6964    33.5587         10     38.121  0.000e+00
    24.2423     26.035   40.19922  -70.99214    227.421     7.2774      8.151    17.6958    33.5587         10     38.056  0.000e+00
    24.2424     26.035   40.19922  -70.99214    227.556     7.2817      8.151    17.6950    33.5585         10     38.056  0.000e+00
    24.2426     26.080   40.19922  -70.99214    227.598     7.2830      8.151    17.6932    33.5583         10     38.121  0.000e+00
    24.2431     26.035   40.19922  -70.99214    227.627     7.2840      8.151    17.6919    33.5584         10     38.056  0.000e+00
    24.2428     26.080   40.19922  -70.99214    227.658     7.2849      8.155    17.6917    33.5581         10     38.121  0.000e+00
    24.2430     26.035   40.19922  -70.99214    227.559     7.2818      8.151    17.6922    33.5584         10     38.056  0.000e+00
    24.2425     26.035   40.19922  -70.99214    227.713     7.2867      8.151    17.6919    33.5576         10     38.056  0.000e+00
    24.2431     26.061   40.19922  -70.99214    227.643     7.2845      8.151    17.6887    33.5574         10     38.093  0.000e+00
    24.2428     26.035   40.19922  -70.99214    227.802     7.2896      8.151    17.6888    33.5570         10     38.056  0.000e+00
    24.2427     26.035   40.19922  -70.99214    227.845     7.2909      8.151    17.6901    33.5573         10     38.056  0.000e+00
    24.2427     25.984   40.19922  -70.99214    227.749     7.2879      8.151    17.6917    33.5578         10     37.980  0.000e+00
    24.2431     26.035   40.19922  -70.99214    227.777     7.2888      8.146    17.6928    33.5587         10     38.056  0.000e+00
    24.2427     26.035   40.19922  -70.99214    227.934     7.2938      8.151    17.6941    33.5587         10     38.056  0.000e+00
    24.2425     25.984   40.19922  -70.99214    227.969     7.2949      8.146    17.6947    33.5586         10     37.980  0.000e+00
    24.2424     25.984   40.19922  -70.99214    227.886     7.2923      8.151    17.6946    33.5584         10     37.980  0.000e+00
    24.2421     26.035   40.19922  -70.99214    227.912     7.2931      8.142    17.6941    33.5578         10     38.056  0.000e+00
    24.2426     25.984   40.19922  -70.99214    227.954     7.2944      8.151    17.6928    33.5581         10     37.980  0.000e+00
    24.2424     25.939   40.19922  -70.99214    227.996     7.2958      8.151    17.6924    33.5576         10     37.915  0.000e+00
    24.2425     25.984   40.19922  -70.99214    227.919     7.2933      8.151    17.6915    33.5575         10     37.980  0.000e+00
    24.2427     25.939   40.19922  -70.99212    227.830     7.2905      8.151    17.6910    33.5576         10     37.915  0.000e+00
    24.2427     25.939   40.19922  -70.99212    227.847     7.2910      8.151    17.6910    33.5577         10     37.915  0.000e+00
    24.2428     25.920   40.19922  -70.99212    228.007     7.2961      8.151    17.6905    33.5576         10     37.887  0.000e+00
    24.2430     25.939   40.19922  -70.99212    227.932     7.2937      8.151    17.6901    33.5578         10     37.915  0.000e+00
    24.2430     25.939   40.19922  -70.99212    227.961     7.2946      8.151    17.6901    33.5577         10     37.915  0.000e+00
    24.2432     25.894   40.19922  -70.99212    227.853     7.2912      8.151    17.6901    33.5581         10     37.849  0.000e+00
    24.2433     25.894   40.19922  -70.99212    227.992     7.2957      8.151    17.6900    33.5581         10     37.849  0.000e+00
    24.2430     25.843   40.19922  -70.99212    228.030     7.2968      8.151    17.6903    33.5579         10     37.774  0.000e+00
    24.2433     25.894   40.19922  -70.99212    228.062     7.2979      8.151    17.6903    33.5582         10     37.849  0.000e+00
    24.2436     25.843   40.19922  -70.99212    227.954     7.2944      8.151    17.6908    33.5588         10     37.774  0.000e+00
    24.2436     25.843   40.19922  -70.99212    227.954     7.2944      8.151    17.6912    33.5589         10     37.774  0.000e+00
    24.2433     25.843   40.19922  -70.99212    227.962     7.2947      8.151    17.6908    33.5583         10     37.774  0.000e+00
    24.2431     25.798   40.19922  -70.99212    228.085     7.2986      8.151    17.6903    33.5579         10     37.708  0.000e+00
    24.2431     25.843   40.19922  -70.99212    227.971     7.2950      8.151    17.6900    33.5579         10     37.774  0.000e+00
    24.2431     25.798   40.19922  -70.99212    228.096     7.2990      8.151    17.6901    33.5578         10     37.708  0.000e+00
    24.2433     25.798   40.19922  -70.99212    227.972     7.2950      8.151    17.6898    33.5580         10     37.708  0.000e+00
    24.2432     25.753   40.19922  -70.99212    228.100     7.2991      8.151    17.6900    33.5580         10     37.643  0.000e+00
    24.2435     25.753   40.19922  -70.99212    228.102     7.2992      8.151    17.6906    33.5586         10     37.643  0.000e+00
    24.2435     25.830   40.19922  -70.99212    228.104     7.2992      8.151    17.6919    33.5590         10     37.755  0.000e+00
    24.2436     25.753   40.19922  -70.99212    228.221     7.3030      8.151    17.6926    33.5593         10     37.643  0.000e+00
    24.2436     25.753   40.19922  -70.99212    228.099     7.2991      8.151    17.6932    33.5595         10     37.643  0.000e+00
    24.2436     25.753   40.19922  -70.99212    228.219     7.3029      8.151    17.6939    33.5597         10     37.643  0.000e+00
    24.2435     25.708   40.19922  -70.99212    228.210     7.3026      8.151    17.6950    33.5600         10     37.577  0.000e+00
    24.2431     25.753   40.19922  -70.99212    228.204     7.3024      8.151    17.6960    33.5597         10     37.643  0.000e+00
    24.2430     25.708   40.19922  -70.99212    228.332     7.3065      8.151    17.6974    33.5600         10     37.577  0.000e+00
    24.2427     25.708   40.19922  -70.99212    228.212     7.3027      8.151    17.6982    33.5599         10     37.577  0.000e+00
    24.2425     25.708   40.19922  -70.99212    228.336     7.3066      8.151    17.6982    33.5597         10     37.577  0.000e+00
    24.2422     25.753   40.19922  -70.99212    228.345     7.3070      8.151    17.6984    33.5594         10     37.643  0.000e+00
    24.2422     25.708   40.19922  -70.99212    228.365     7.3076      8.155    17.6985    33.5594         10     37.577  0.000e+00
    24.2417     25.708   40.19922  -70.99212    228.504     7.3120      8.151    17.7001    33.5592         10     37.577  0.000e+00
    24.2418     25.656   40.19922  -70.99212    228.529     7.3128      8.160    17.7012    33.5597         10     37.502  0.000e+00
    24.2420     25.708   40.19922  -70.99212    228.575     7.3143      8.151    17.7010    33.5599         10     37.577  0.000e+00
    24.2417     25.708   40.19922  -70.99212    228.617     7.3156      8.151    17.7016    33.5597         10     37.577  0.000e+00
    24.2420     25.708   40.19922  -70.99212    228.787     7.3211      8.151    17.7015    33.5600         10     37.577  0.000e+00
    24.2417     25.689   40.19922  -70.99212    228.835     7.3226      8.151    17.7028    33.5601         10     37.549  0.000e+00
    24.2411     25.656   40.19922  -70.99212    228.869     7.3237      8.151    17.7045    33.5598         10     37.502  0.000e+00
    24.2411     25.708   40.19922  -70.99212    228.922     7.3254      8.151    17.7050    33.5600         10     37.577  0.000e+00
    24.2411     25.708   40.19922  -70.99212    228.962     7.3267      8.151    17.7052    33.5600         10     37.577  0.000e+00
    24.2411     25.656   40.19922  -70.99212    229.138     7.3323      8.151    17.7053    33.5601         10     37.502  0.000e+00
    24.2413     25.708   40.19922  -70.99212    229.203     7.3344      8.151    17.7051    33.5603         10     37.577  0.000e+00
