cruise2/ctd/proc/NINEv0.cnv
* Sea-Bird SBE 9 Data File:
* FileName = C:\Users\Tech\Documents\DataFiles\SBE 9\NINE.hex
* Software Version Seasave V 7.26.7.107
* Temperature SN = 2735
* Conductivity SN = 2257
* Number of Bytes Per Scan = 44
* Number of Voltage Words = 4
* Number of Scans Averaged by the Deck Unit = 1
* NMEA Latitude = 40 11.97 N
* NMEA Longitude = 070 59.76 W
* NMEA UTC (Time) = Oct 12 2022  04:28:15
* NMEA baud rate = 4800
# nquan = 12
# nvalues = 30153                                 
# units = specified
# name 0 = sigma-t00: Density [sigma-t, kg/m^3 ]
# name 1 = depSM: Depth [salt water, m]
# name 2 = latitude: Latitude [deg]
# name 3 = longitude: Longitude [deg]
# name 4 = sbeox0Mm/L: Oxygen, SBE 43 [umol/l]
# name 5 = sbeox0Mg/L: Oxygen, SBE 43 [mg/l]
# name 6 = ph: pH
# name 7 = t090C: Temperature [ITS-90, deg C]
# name 8 = sal00: Salinity, Practical [PSU]
# name 9 = nbf: Bottles Fired
# name 10 = prDE: Pressure, Digiquartz [psi]
# name 11 = flag:  0.000e+00
# span 0 =    23.9756,    26.6591                 
# span 1 =      0.898,    124.450                 
# span 2 =   40.19922,   40.19952                 
# span 3 =  -70.99592,  -70.99170                 
# span 4 =    152.675,    251.322                 
# span 5 =     4.8855,     8.0422                 
# span 6 =      7.976,      8.194                 
# span 7 =    12.1882,    17.8269                 
# span 8 =    33.0466,    35.5941                 
# span 9 =          0,         12                 
# span 10 =      1.312,    181.951                
# span 11 = 0.0000e+00, 0.0000e+00                
# interval = seconds: 0.0416667
# start_time = Oct 12 2022 04:28:18 [System UTC, header]
# bad_flag = -9.990e-29
*END*
[from data line 22497]
    26.2389     85.801   40.19924  -70.99272    203.705     6.5185      8.021    12.9597    34.7909          6    125.433  0.000e+00
    26.2385     85.769   40.19924  -70.99272    203.741     6.5196      8.031    12.9600    34.7904          6    125.386  0.000e+00
    26.2387     85.750   40.19924  -70.99272    203.764     6.5203      8.035    12.9597    34.7906          6    125.358  0.000e+00
    26.2386     85.750   40.19924  -70.99272    203.643     6.5165      8.035    12.9598    34.7905          6    125.358  0.000e+00
    26.2388     85.718   40.19924  -70.99272    203.508     6.5122      8.031    12.9598    34.7908          6    125.311  0.000e+00
    26.2386     85.750   40.19924  -70.99272    203.646     6.5166      8.031    12.9601    34.7906          6    125.358  0.000e+00
    26.2387     85.718   40.19924  -70.99272    203.660     6.5170      8.031    12.9598    34.7906          6    125.311  0.000e+00
    26.2385     85.705   40.19924  -70.99272    203.675     6.5175      8.031    12.9600    34.7903          6    125.293  0.000e+00
    26.2386     85.718   40.19924  -70.99272    203.695     6.5182      8.031    12.9597    34.7904          6    125.311  0.000e+00
    26.2387     85.705   40.19924  -70.99272    203.716     6.5188      8.031    12.9593    34.7904          6    125.293  0.000e+00
    26.2387     85.705   40.19924  -70.99272    203.866     6.5236      8.031    12.9591    34.7904          6    125.293  0.000e+00
    26.2384     85.673   40.19924  -70.99272    203.747     6.5198      8.031    12.9586    34.7899          6    125.246  0.000e+00
    26.2380     85.660   40.19924  -70.99272    203.756     6.5201      8.031    12.9581    34.7893          6    125.227  0.000e+00
    26.2379     85.673   40.19924  -70.99272    203.749     6.5199      8.031    12.9578    34.7891          6    125.246  0.000e+00
    26.2380     85.660   40.19924  -70.99272    203.901     6.5248      8.031    12.9578    34.7892          6    125.227  0.000e+00
    26.2381     85.660   40.19924  -70.99272    203.929     6.5256      8.031    12.9576    34.7892          6    125.227  0.000e+00
    26.2381     85.628   40.19924  -70.99272    203.954     6.5264      8.031    12.9578    34.7892          6    125.180  0.000e+00
    26.2380     85.608   40.19924  -70.99272    203.981     6.5273      8.031    12.9578    34.7891          6    125.152  0.000e+00
    26.2378     85.628   40.19924  -70.99272    203.995     6.5277      8.031    12.9575    34.7888          6    125.180  0.000e+00
    26.2381     85.660   40.19924  -70.99272    204.009     6.5282      8.031    12.9570    34.7891          6    125.227  0.000e+00
    26.2378     85.576   40.19924  -70.99272    204.021     6.5286      8.031    12.9564    34.7886          6    125.105  0.000e+00
    26.2377     85.608   40.19924  -70.99272    204.033     6.5290      8.035    12.9564    34.7885          6    125.152  0.000e+00
    26.2378     85.608   40.19924  -70.99272    204.044     6.5293      8.031    12.9564    34.7886          6    125.152  0.000e+00
    26.2376     85.576   40.19924  -70.99272    204.054     6.5296      8.026    12.9564    34.7883          6    125.105  0.000e+00
    26.2375     85.608   40.19924  -70.99272    204.063     6.5299      8.031    12.9572    34.7883          6    125.152  0.000e+00
    26.2375     85.531   40.19924  -70.99272    204.087     6.5307      8.031    12.9576    34.7885          6    125.039  0.000e+00
    26.2377     85.608   40.19924  -70.99272    204.244     6.5357      8.031    12.9576    34.7888          6    125.152  0.000e+00
    26.2374     85.531   40.19924  -70.99272    204.271     6.5366      8.031    12.9575    34.7883          6    125.039  0.000e+00
    26.2372     85.563   40.19924  -70.99272    204.157     6.5329      8.031    12.9572    34.7880          6    125.086  0.000e+00
    26.2374     85.563   40.19924  -70.99272    204.153     6.5328      8.031    12.9564    34.7881          6    125.086  0.000e+00
    26.2370     85.576   40.19924  -70.99272    204.306     6.5377      8.035    12.9568    34.7876          6    125.105  0.000e+00
    26.2380     85.518   40.19924  -70.99272    204.185     6.5338      8.031    12.9568    34.7889          6    125.020  0.000e+00
    26.2375     85.576   40.19924  -70.99272    204.193     6.5341      8.035    12.9575    34.7884          6    125.105  0.000e+00
    26.2377     85.518   40.19924  -70.99272    204.344     6.5389      8.031    12.9573    34.7887          6    125.020  0.000e+00
    26.2372     85.563   40.19924  -70.99272    204.369     6.5397      8.035    12.9578    34.7881          6    125.086  0.000e+00
    26.2371     85.531   40.19924  -70.99272    204.376     6.5399      8.031    12.9576    34.7879          6    125.039  0.000e+00
    26.2372     85.518   40.19924  -70.99272    204.403     6.5408      8.031    12.9568    34.7879          6    125.020  0.000e+00
    26.2375     85.531   40.19924  -70.99272    204.411     6.5411      8.031    12.9560    34.7881          6    125.039  0.000e+00
    26.2376     85.518   40.19924  -70.99272    204.432     6.5417      8.031    12.9558    34.7882          6    125.020  0.000e+00
    26.2377     85.531   40.19924  -70.99272    204.455     6.5425      8.031    12.9553    34.7881          6    125.039  0.000e+00
    26.2378     85.518   40.19924  -70.99272    204.618     6.5477      8.031    12.9553    34.7882          6    125.020  0.000e+00
    26.2374     85.518   40.19924  -70.99272    204.509     6.5442      8.031    12.9553    34.7877          6    125.020  0.000e+00
    26.2379     85.531   40.19924  -70.99272    204.670     6.5493      8.031    12.9553    34.7884          6    125.039  0.000e+00
    26.2375     85.467   40.19924  -70.99272    204.682     6.5497      8.031    12.9558    34.7880          6    124.945  0.000e+00
    26.2374     85.531   40.19924  -70.99272    204.569     6.5461      8.031    12.9560    34.7879          6    125.039  0.000e+00
    26.2373     85.518   40.19924  -70.99272    204.565     6.5460      8.031    12.9560    34.7878          6    125.020  0.000e+00
    26.2372     85.531   40.19924  -70.99272    204.704     6.5504      8.031    12.9560    34.7877          6    125.039  0.000e+00
    26.2370     85.467   40.19924  -70.99272    204.586     6.5467      8.031    12.9558    34.7873          6    124.945  0.000e+00
    26.2372     85.518   40.19924  -70.99272    204.600     6.5471      8.031    12.9550    34.7874          6    125.020  0.000e+00
    26.2371     85.531   40.19924  -70.99272    204.613     6.5475      8.031    12.9541    34.7870          6    125.039  0.000e+00
    26.2365     85.467   40.19924  -70.99272    204.622     6.5478      8.031    12.9538    34.7862          6    124.945  0.000e+00
    26.2365     85.531   40.19924  -70.99272    204.630     6.5481      8.031    12.9538    34.7861          6    125.039  0.000e+00
    26.2366     85.518   40.19924  -70.99272    204.762     6.5523      8.031    12.9538    34.7863          6    125.020  0.000e+00
    26.2367     85.518   40.19924  -70.99272    204.463     6.5427      8.031    12.9535    34.7863          6    125.020  0.000e+00
    26.2366     85.531   40.19924  -70.99272    204.433     6.5418      8.031    12.9533    34.7862          6    125.039  0.000e+00
    26.2367     85.467   40.19924  -70.99272    204.399     6.5407      8.031    12.9533    34.7863          6    124.945  0.000e+00
    26.2366     85.531   40.19924  -70.99272    204.511     6.5443      8.031    12.9535    34.7863          6    125.039  0.000e+00
    26.2364     85.518   40.19924  -70.99272    204.350     6.5391      8.031    12.9535    34.7860          6    125.020  0.000e+00
    26.2368     85.486   40.19924  -70.99272    204.459     6.5426      8.035    12.9531    34.7864          6    124.973  0.000e+00
    26.2364     85.518   40.19924  -70.99272    204.314     6.5379      8.031    12.9535    34.7860          6    125.020  0.000e+00
    26.2367     85.518   40.19924  -70.99272    204.422     6.5414      8.031    12.9533    34.7863          6    125.020  0.000e+00
    26.2369     85.531   40.19924  -70.99272    204.257     6.5361      8.031    12.9533    34.7866          6    125.039  0.000e+00
    26.2369     85.518   40.19924  -70.99272    204.218     6.5349      8.031    12.9535    34.7866          6    125.020  0.000e+00
    26.2366     85.531   40.19924  -70.99272    204.198     6.5343      8.031    12.9533    34.7862          6    125.039  0.000e+00
    26.2361     85.563   40.19924  -70.99272    204.178     6.5336      8.031    12.9533    34.7856          6    125.086  0.000e+00
    26.2363     85.531   40.19924  -70.99272    204.157     6.5329      8.031    12.9531    34.7858          6    125.039  0.000e+00
    26.2366     85.518   40.19924  -70.99272    204.278     6.5368      8.031    12.9531    34.7861          6    125.020  0.000e+00
    26.2363     85.563   40.19924  -70.99272    204.272     6.5366      8.031    12.9535    34.7859          6    125.086  0.000e+00
    26.2369     85.531   40.19924  -70.99272    204.265     6.5364      8.031    12.9533    34.7866          6    125.039  0.000e+00
    26.2367     85.518   40.19924  -70.99272    204.113     6.5315      8.031    12.9536    34.7865          6    125.020  0.000e+00
    26.2366     85.576   40.19924  -70.99272    204.235     6.5354      8.031    12.9535    34.7863          6    125.105  0.000e+00
    26.2366     85.563   40.19924  -70.99272    204.227     6.5352      8.031    12.9536    34.7863          6    125.086  0.000e+00
    26.2365     85.531   40.19924  -70.99272    204.075     6.5303      8.031    12.9535    34.7861          6    125.039  0.000e+00
    26.2367     85.608   40.19924  -70.99272    204.196     6.5342      8.031    12.9533    34.7863          6    125.151  0.000e+00
    26.2368     85.563   40.19924  -70.99272    204.185     6.5338      8.031    12.9535    34.7864          6    125.086  0.000e+00
    26.2363     85.576   40.19924  -70.99272    204.193     6.5341      8.035    12.9536    34.7859          6    125.105  0.000e+00
    26.2364     85.608   40.19924  -70.99272    204.347     6.5390      8.031    12.9531    34.7859          6    125.151  0.000e+00
    26.2364     85.576   40.19924  -70.99272    204.352     6.5392      8.031    12.9533    34.7859          6    125.105  0.000e+00
    26.2366     85.608   40.19924  -70.99272    204.214     6.5348      8.031    12.9531    34.7862          6    125.151  0.000e+00
    26.2365     85.608   40.19924  -70.99272    204.219     6.5349      8.031    12.9533    34.7861          6    125.151  0.000e+00
    26.2367     85.628   40.19924  -70.99272    204.206     6.5345      8.035    12.9533    34.7863          6    125.180  0.000e+00
    26.2368     85.608   40.19924  -70.99272    204.192     6.5340      8.031    12.9534    34.7865          6    125.151  0.000e+00
    26.2371     85.628   40.19924  -70.99272    204.335     6.5386      8.031    12.9543    34.7871          6    125.180  0.000e+00
    26.2371     85.660   40.19924  -70.99272    204.353     6.5392      8.031    12.9546    34.7872          6    125.227  0.000e+00
    26.2372     85.673   40.19924  -70.99272    204.369     6.5397      8.035    12.9551    34.7875          6    125.245  0.000e+00
    26.2374     85.608   40.19924  -70.99272    204.384     6.5402      8.031    12.9553    34.7878          6    125.151  0.000e+00
    26.2372     85.705   40.19924  -70.99272    204.403     6.5408      8.031    12.9556    34.7876          6    125.292  0.000e+00
    26.2374     85.673   40.19924  -70.99272    204.275     6.5367      8.031    12.9556    34.7878          6    125.245  0.000e+00
    26.2375     85.705   40.19924  -70.99272    204.421     6.5414      8.031    12.9553    34.7879          6    125.292  0.000e+00
    26.2372     85.673   40.19924  -70.99272    204.452     6.5424      8.031    12.9556    34.7876          6    125.245  0.000e+00
    26.2370     85.705   40.19924  -70.99272    204.469     6.5429      8.031    12.9556    34.7873          6    125.292  0.000e+00
    26.2377     85.705   40.19924  -70.99272    204.501     6.5439      8.031    12.9556    34.7883          6    125.292  0.000e+00
    26.2380     85.718   40.19924  -70.99272    204.530     6.5449      8.031    12.9563    34.7887          6    125.311  0.000e+00
    26.2378     85.750   40.19924  -70.99272    204.541     6.5452      8.031    12.9573    34.7888          6    125.358  0.000e+00
    26.2380     85.769   40.19924  -70.99272    204.552     6.5456      8.031    12.9580    34.7893          6    125.386  0.000e+00
    26.2385     85.705   40.19924  -70.99272    204.579     6.5464      8.031    12.9583    34.7900          6    125.292  0.000e+00
    26.2380     85.814   40.19924  -70.99272    204.451     6.5423      8.031    12.9588    34.7894          6    125.452  0.000e+00
    26.2380     85.750   40.19924  -70.99272    204.591     6.5468      8.031    12.9585    34.7894          6    125.358  0.000e+00
    26.2380     85.750   40.19924  -70.99272    204.606     6.5473      8.031    12.9583    34.7893          6    125.358  0.000e+00
    26.2381     85.814   40.19924  -70.99272    204.476     6.5431      8.031    12.9583    34.7894          6    125.452  0.000e+00
    26.2388     85.801   40.19924  -70.99272    204.613     6.5475      8.031    12.9585    34.7904          6    125.433  0.000e+00
    26.2388     85.814   40.19924  -70.99272    204.638     6.5483      8.031    12.9593    34.7906          6    125.452  0.000e+00
    26.2387     85.801   40.19924  -70.99272    204.631     6.5481      8.031    12.9597    34.7906          6    125.433  0.000e+00
    26.2386     85.801   40.19924  -70.99272    204.479     6.5432      8.031    12.9600    34.7906          6    125.433  0.000e+00
    26.2386     85.814   40.19924  -70.99272    204.454     6.5424      8.031    12.9601    34.7906          6    125.452  0.000e+00
    26.2386     85.846   40.19924  -70.99272    204.446     6.5422      8.031    12.9603    34.7906          6    125.499  0.000e+00
    26.2388     85.859   40.19924  -70.99272    204.421     6.5414      8.031    12.9603    34.7909          6    125.518  0.000e+00
    26.2393     85.801   40.19924  -70.99272    204.412     6.5411      8.031    12.9601    34.7915          6    125.433  0.000e+00
    26.2391     85.859   40.19924  -70.99272    204.386     6.5403      8.031    12.9605    34.7913          6    125.518  0.000e+00
    26.2391     85.846   40.19924  -70.99272    204.519     6.5445      8.031    12.9607    34.7913          6    125.499  0.000e+00
    26.2388     85.846   40.19924  -70.99272    204.508     6.5442      8.026    12.9610    34.7911          6    125.499  0.000e+00
    26.2388     85.859   40.19924  -70.99272    204.353     6.5392      8.031    12.9610    34.7911          6    125.518  0.000e+00
    26.2391     85.846   40.19924  -70.99272    204.323     6.5382      8.031    12.9610    34.7913          6    125.499  0.000e+00
    26.2387     85.910   40.19924  -70.99272    204.296     6.5374      8.040    12.9610    34.7909          6    125.593  0.000e+00
    26.2388     85.801   40.19924  -70.99272    204.262     6.5363      8.031    12.9610    34.7910          6    125.433  0.000e+00
    26.2389     85.891   40.19924  -70.99272    204.249     6.5359      8.031    12.9613    34.7913          6    125.565  0.000e+00
    26.2391     85.859   40.19924  -70.99272    204.373     6.5398      8.035    12.9622    34.7917          6    125.518  0.000e+00
    26.2392     85.846   40.19924  -70.99272    204.371     6.5398      8.031    12.9628    34.7920          6    125.499  0.000e+00
    26.2391     85.910   40.19924  -70.99272    204.356     6.5393      8.031    12.9630    34.7919          6    125.593  0.000e+00
