cruise2/ctd/proc/NINEv0.cnv
* Sea-Bird SBE 9 Data File:
* FileName = C:\Users\Tech\Documents\DataFiles\SBE 9\NINE.hex
* Software Version Seasave V 7.26.7.107
* Temperature SN = 2735
* Conductivity SN = 2257
* Number of Bytes Per Scan = 44
* Number of Voltage Words = 4
* Number of Scans Averaged by the Deck Unit = 1
* NMEA Latitude = 40 11.97 N
* NMEA Longitude = 070 59.76 W
* NMEA UTC (Time) = Oct 12 2022  04:28:15
* NMEA baud rate = 4800
# nquan = 12
# nvalues = 30153                                 
# units = specified
# name 0 = sigma-t00: Density [sigma-t, kg/m^3 ]
# name 1 = depSM: Depth [salt water, m]
# name 2 = latitude: Latitude [deg]
# name 3 = longitude: Longitude [deg]
# name 4 = sbeox0Mm/L: Oxygen, SBE 43 [umol/l]
# name 5 = sbeox0Mg/L: Oxygen, SBE 43 [mg/l]
# name 6 = ph: pH
# name 7 = t090C: Temperature [ITS-90, deg C]
# name 8 = sal00: Salinity, Practical [PSU]
# name 9 = nbf: Bottles Fired
# name 10 = prDE: Pressure, Digiquartz [psi]
# name 11 = flag:  0.000e+00
# span 0 =    23.9756,    26.6591                 
# span 1 =      0.898,    124.450                 
# span 2 =   40.19922,   40.19952                 
# span 3 =  -70.99592,  -70.99170                 
# span 4 =    152.675,    251.322                 
# span 5 =     4.8855,     8.0422                 
# span 6 =      7.976,      8.194                 
# span 7 =    12.1882,    17.8269                 
# span 8 =    33.0466,    35.5941                 
# span 9 =          0,         12                 
# span 10 =      1.312,    181.951                
# span 11 = 0.0000e+00, 0.0000e+00                
# interval = seconds: 0.0416667
# start_time = Oct 12 2022 04:28:18 [System UTC, header]
# bad_flag = -9.990e-29
*END*
[from data line 13835]
    26.6584    124.026   40.19940  -70.99394    169.414     5.4212      8.018    13.9342    35.5917          4    181.332  0.000e+00
    26.6582    123.975   40.19940  -70.99394    169.452     5.4224      8.023    13.9344    35.5914          4    181.257  0.000e+00
    26.6583    124.026   40.19940  -70.99394    169.632     5.4281      8.013    13.9341    35.5914          4    181.332  0.000e+00
    26.6581    123.975   40.19940  -70.99394    169.544     5.4253      8.013    13.9336    35.5911          4    181.256  0.000e+00
    26.6581    123.981   40.19940  -70.99394    169.577     5.4264      8.013    13.9336    35.5911          4    181.266  0.000e+00
    26.6583    124.026   40.19940  -70.99394    169.609     5.4274      8.018    13.9338    35.5914          4    181.332  0.000e+00
    26.6581    123.975   40.19940  -70.99394    169.635     5.4283      8.013    13.9342    35.5912          4    181.256  0.000e+00
    26.6584    123.981   40.19940  -70.99394    169.803     5.4336      8.013    13.9341    35.5916          4    181.266  0.000e+00
    26.6588    123.975   40.19940  -70.99394    169.827     5.4344      8.018    13.9338    35.5920          4    181.256  0.000e+00
    26.6584    123.981   40.19940  -70.99394    169.847     5.4350      8.018    13.9342    35.5916          4    181.266  0.000e+00
    26.6584    123.975   40.19940  -70.99394    169.867     5.4357      8.013    13.9336    35.5914          4    181.256  0.000e+00
    26.6587    124.026   40.19940  -70.99394    169.887     5.4363      8.013    13.9325    35.5916          4    181.332  0.000e+00
    26.6586    123.930   40.19940  -70.99394    169.914     5.4372      8.013    13.9321    35.5913          4    181.191  0.000e+00
    26.6589    124.026   40.19940  -70.99394    169.925     5.4375      8.013    13.9319    35.5916          4    181.332  0.000e+00
    26.6584    123.981   40.19940  -70.99394    169.804     5.4337      8.013    13.9324    35.5912          4    181.266  0.000e+00
    26.6583    123.975   40.19940  -70.99394    169.931     5.4377      8.013    13.9325    35.5910          4    181.256  0.000e+00
    26.6586    123.981   40.19942  -70.99392    169.808     5.4338      8.013    13.9324    35.5914          4    181.266  0.000e+00
    26.6586    123.975   40.19942  -70.99392    169.930     5.4377      8.018    13.9324    35.5913          4    181.256  0.000e+00
    26.6586    123.981   40.19942  -70.99392    169.786     5.4331      8.013    13.9322    35.5913          4    181.266  0.000e+00
    26.6585    123.975   40.19942  -70.99392    169.902     5.4368      8.013    13.9323    35.5913          4    181.256  0.000e+00
    26.6582    123.981   40.19942  -70.99392    169.751     5.4320      8.013    13.9324    35.5909          4    181.266  0.000e+00
    26.6585    123.975   40.19942  -70.99392    169.723     5.4311      8.013    13.9320    35.5912          4    181.256  0.000e+00
    26.6586    123.981   40.19942  -70.99392    169.830     5.4345      8.013    13.9322    35.5913          4    181.266  0.000e+00
    26.6584    123.975   40.19942  -70.99392    169.809     5.4338      8.018    13.9326    35.5912          4    181.256  0.000e+00
    26.6584    123.981   40.19942  -70.99392    169.784     5.4330      8.013    13.9330    35.5912          4    181.266  0.000e+00
    26.6581    123.981   40.19942  -70.99392    169.634     5.4282      8.013    13.9334    35.5910          4    181.266  0.000e+00
    26.6582    123.975   40.19942  -70.99392    169.607     5.4274      8.009    13.9330    35.5910          4    181.256  0.000e+00
    26.6582    123.981   40.19942  -70.99392    169.579     5.4265      8.013    13.9328    35.5909          4    181.266  0.000e+00
    26.6584    123.975   40.19942  -70.99392    169.551     5.4255      8.013    13.9320    35.5911          4    181.256  0.000e+00
    26.6584    123.981   40.19942  -70.99392    169.658     5.4290      8.018    13.9319    35.5910          4    181.266  0.000e+00
    26.6590    123.974   40.19942  -70.99392    169.623     5.4279      8.013    13.9313    35.5915          4    181.256  0.000e+00
    26.6587    123.981   40.19942  -70.99392    169.444     5.4221      8.013    13.9314    35.5913          4    181.266  0.000e+00
    26.6588    123.974   40.19942  -70.99392    169.541     5.4252      8.013    13.9314    35.5914          4    181.256  0.000e+00
    26.6587    123.981   40.19942  -70.99392    169.528     5.4248      8.013    13.9316    35.5913          4    181.266  0.000e+00
    26.6587    123.981   40.19942  -70.99392    169.497     5.4238      8.018    13.9318    35.5913          4    181.266  0.000e+00
    26.6585    123.974   40.19942  -70.99392    169.479     5.4233      8.013    13.9320    35.5912          4    181.256  0.000e+00
    26.6585    123.981   40.19942  -70.99392    169.461     5.4227      8.018    13.9319    35.5910          4    181.266  0.000e+00
    26.6583    123.974   40.19942  -70.99392    169.442     5.4221      8.013    13.9316    35.5908          4    181.256  0.000e+00
    26.6584    123.981   40.19942  -70.99392    169.421     5.4214      8.013    13.9311    35.5907          4    181.266  0.000e+00
    26.6589    123.974   40.19940  -70.99392    169.413     5.4211      8.013    13.9307    35.5912          4    181.256  0.000e+00
    26.6586    123.981   40.19940  -70.99392    169.263     5.4163      8.013    13.9309    35.5910          4    181.266  0.000e+00
    26.6589    123.974   40.19940  -70.99392    169.361     5.4195      8.013    13.9305    35.5912          4    181.256  0.000e+00
    26.6586    123.981   40.19940  -70.99392    169.334     5.4186      8.018    13.9304    35.5908          4    181.266  0.000e+00
    26.6586    123.981   40.19940  -70.99392    169.320     5.4182      8.009    13.9302    35.5908          4    181.266  0.000e+00
    26.6586    123.974   40.19940  -70.99392    169.165     5.4132      8.013    13.9302    35.5908          4    181.256  0.000e+00
    26.6585    123.981   40.19940  -70.99392    169.256     5.4161      8.018    13.9303    35.5907          4    181.266  0.000e+00
    26.6589    123.974   40.19940  -70.99392    169.098     5.4111      8.013    13.9301    35.5911          4    181.256  0.000e+00
    26.6587    123.981   40.19940  -70.99392    169.220     5.4150      8.018    13.9302    35.5909          4    181.266  0.000e+00
    26.6587    123.929   40.19940  -70.99392    169.215     5.4148      8.013    13.9303    35.5910          4    181.190  0.000e+00
    26.6585    123.981   40.19940  -70.99392    169.211     5.4147      8.013    13.9306    35.5908          4    181.265  0.000e+00
    26.6589    123.974   40.19940  -70.99392    169.208     5.4146      8.018    13.9302    35.5912          4    181.256  0.000e+00
    26.6588    123.981   40.19940  -70.99392    169.218     5.4149      8.013    13.9303    35.5910          4    181.265  0.000e+00
    26.6588    123.974   40.19940  -70.99392    169.353     5.4192      8.013    13.9303    35.5910          4    181.256  0.000e+00
    26.6589    123.981   40.19940  -70.99392    169.362     5.4195      8.018    13.9302    35.5911          4    181.265  0.000e+00
    26.6586    123.981   40.19940  -70.99392    169.230     5.4153      8.013    13.9303    35.5908          4    181.265  0.000e+00
    26.6585    123.974   40.19940  -70.99392    169.362     5.4195      8.013    13.9303    35.5907          4    181.256  0.000e+00
    26.6585    123.929   40.19940  -70.99392    169.383     5.4202      8.018    13.9302    35.5906          4    181.190  0.000e+00
    26.6585    123.974   40.19940  -70.99392    169.266     5.4164      8.013    13.9302    35.5907          4    181.256  0.000e+00
    26.6585    123.981   40.19940  -70.99392    169.272     5.4166      8.018    13.9303    35.5907          4    181.265  0.000e+00
    26.6586    123.974   40.19940  -70.99392    169.418     5.4213      8.013    13.9302    35.5908          4    181.256  0.000e+00
    26.6585    123.981   40.19940  -70.99392    169.298     5.4175      8.013    13.9303    35.5907          4    181.265  0.000e+00
    26.6586    123.974   40.19940  -70.99392    169.304     5.4176      8.013    13.9302    35.5908          4    181.256  0.000e+00
    26.6588    123.981   40.19940  -70.99392    169.450     5.4223      8.013    13.9300    35.5910          4    181.265  0.000e+00
    26.6587    123.981   40.19940  -70.99392    169.454     5.4224      8.013    13.9300    35.5908          4    181.265  0.000e+00
    26.6585    123.974   40.19940  -70.99392    169.473     5.4231      8.013    13.9298    35.5905          4    181.256  0.000e+00
    26.6586    124.026   40.19940  -70.99392    169.476     5.4232      8.013    13.9299    35.5907          4    181.331  0.000e+00
    26.6586    123.974   40.19940  -70.99392    169.491     5.4236      8.013    13.9302    35.5908          4    181.256  0.000e+00
    26.6585    123.981   40.19940  -70.99392    169.491     5.4236      8.013    13.9302    35.5906          4    181.265  0.000e+00
    26.6585    123.974   40.19940  -70.99392    169.506     5.4241      8.013    13.9302    35.5907          4    181.256  0.000e+00
    26.6585    124.026   40.19940  -70.99392    169.365     5.4196      8.009    13.9303    35.5907          4    181.331  0.000e+00
    26.6585    123.974   40.19940  -70.99392    169.344     5.4189      8.013    13.9305    35.5908          4    181.256  0.000e+00
    26.6587    124.026   40.19940  -70.99392    169.343     5.4189      8.018    13.9305    35.5910          4    181.331  0.000e+00
    26.6588    124.019   40.19940  -70.99392    169.340     5.4188      8.013    13.9304    35.5910          4    181.322  0.000e+00
    26.6583    123.981   40.19940  -70.99392    169.336     5.4187      8.018    13.9309    35.5905          4    181.265  0.000e+00
    26.6588    124.026   40.19940  -70.99392    169.318     5.4181      8.013    13.9305    35.5911          4    181.331  0.000e+00
    26.6585    124.071   40.19940  -70.99392    169.299     5.4175      8.013    13.9309    35.5908          4    181.397  0.000e+00
    26.6584    123.981   40.19940  -70.99392    169.278     5.4168      8.013    13.9306    35.5906          4    181.265  0.000e+00
    26.6580    124.071   40.19940  -70.99392    169.258     5.4162      8.013    13.9309    35.5902          4    181.397  0.000e+00
    26.6585    124.026   40.19940  -70.99392    169.253     5.4160      8.013    13.9305    35.5907          4    181.331  0.000e+00
    26.6581    124.071   40.19940  -70.99392    169.109     5.4114      8.013    13.9307    35.5902          4    181.397  0.000e+00
    26.6587    124.026   40.19940  -70.99392    169.071     5.4102      8.018    13.9304    35.5910          4    181.331  0.000e+00
    26.6587    124.116   40.19940  -70.99392    168.913     5.4051      8.013    13.9305    35.5909          4    181.463  0.000e+00
    26.6582    124.026   40.19940  -70.99392    168.877     5.4040      8.013    13.9307    35.5904          4    181.331  0.000e+00
    26.6586    124.071   40.19940  -70.99392    168.844     5.4029      8.013    13.9307    35.5909          4    181.397  0.000e+00
    26.6584    124.116   40.19940  -70.99392    168.813     5.4019      8.013    13.9308    35.5906          4    181.463  0.000e+00
    26.6589    124.122   40.19940  -70.99392    168.781     5.4009      8.013    13.9309    35.5913          4    181.472  0.000e+00
    26.6583    124.071   40.19940  -70.99392    168.751     5.3999      8.013    13.9310    35.5906          4    181.397  0.000e+00
    26.6585    124.122   40.19940  -70.99392    168.585     5.3946      8.013    13.9308    35.5908          4    181.472  0.000e+00
    26.6587    124.161   40.19940  -70.99392    168.683     5.3978      8.013    13.9309    35.5911          4    181.528  0.000e+00
    26.6582    124.122   40.19940  -70.99392    168.641     5.3964      8.018    13.9310    35.5904          4    181.472  0.000e+00
    26.6582    124.161   40.19940  -70.99392    168.618     5.3957      8.018    13.9309    35.5905          4    181.528  0.000e+00
    26.6585    124.122   40.19940  -70.99392    168.456     5.3905      8.018    13.9306    35.5907          4    181.472  0.000e+00
    26.6584    124.212   40.19940  -70.99392    168.421     5.3894      8.013    13.9307    35.5906          4    181.604  0.000e+00
    26.6583    124.161   40.19940  -70.99392    168.370     5.3877      8.013    13.9305    35.5905          4    181.528  0.000e+00
    26.6589    124.167   40.19940  -70.99392    168.337     5.3867      8.013    13.9302    35.5912          4    181.538  0.000e+00
    26.6585    124.212   40.19940  -70.99392    168.291     5.3852      8.013    13.9302    35.5906          4    181.604  0.000e+00
    26.6587    124.212   40.19940  -70.99392    168.260     5.3842      8.013    13.9303    35.5910          4    181.603  0.000e+00
    26.6586    124.257   40.19940  -70.99392    168.232     5.3833      8.013    13.9307    35.5909          4    181.669  0.000e+00
    26.6586    124.212   40.19940  -70.99392    168.205     5.3825      8.013    13.9307    35.5910          4    181.603  0.000e+00
    26.6590    124.257   40.19940  -70.99392    168.320     5.3862      8.013    13.9308    35.5914          4    181.669  0.000e+00
    26.6586    124.263   40.19940  -70.99392    168.313     5.3860      8.013    13.9309    35.5910          4    181.679  0.000e+00
    26.6586    124.263   40.19940  -70.99392    168.185     5.3818      8.013    13.9307    35.5909          4    181.679  0.000e+00
    26.6585    124.302   40.19940  -70.99392    168.183     5.3818      8.013    13.9308    35.5908          4    181.735  0.000e+00
    26.6582    124.263   40.19940  -70.99392    168.166     5.3812      8.013    13.9309    35.5905          4    181.679  0.000e+00
    26.6584    124.302   40.19940  -70.99392    168.169     5.3813      8.018    13.9307    35.5906          4    181.735  0.000e+00
    26.6584    124.308   40.19940  -70.99392    168.173     5.3815      8.013    13.9309    35.5907          4    181.744  0.000e+00
    26.6587    124.302   40.19940  -70.99392    168.304     5.3857      8.018    13.9306    35.5910          4    181.735  0.000e+00
    26.6584    124.353   40.19940  -70.99392    168.313     5.3859      8.013    13.9307    35.5906          4    181.810  0.000e+00
    26.6585    124.353   40.19940  -70.99392    168.339     5.3868      8.013    13.9305    35.5907          4    181.810  0.000e+00
    26.6585    124.353   40.19940  -70.99392    168.350     5.3871      8.013    13.9305    35.5907          4    181.810  0.000e+00
    26.6586    124.353   40.19940  -70.99392    168.363     5.3875      8.018    13.9304    35.5908          4    181.810  0.000e+00
    26.6585    124.353   40.19940  -70.99392    168.532     5.3930      8.013    13.9305    35.5907          4    181.810  0.000e+00
    26.6584    124.353   40.19940  -70.99392    168.440     5.3900      8.018    13.9303    35.5906          4    181.810  0.000e+00
    26.6583    124.353   40.19940  -70.99392    168.473     5.3910      8.013    13.9307    35.5905          4    181.810  0.000e+00
    26.6586    124.405   40.19940  -70.99392    168.509     5.3922      8.013    13.9306    35.5908          4    181.885  0.000e+00
    26.6586    124.398   40.19940  -70.99392    168.546     5.3934      8.013    13.9305    35.5908          4    181.876  0.000e+00
    26.6583    124.405   40.19940  -70.99392    168.585     5.3946      8.023    13.9307    35.5905          4    181.885  0.000e+00
    26.6586    124.405   40.19940  -70.99392    168.627     5.3960      8.013    13.9303    35.5908          4    181.885  0.000e+00
    26.6586    124.353   40.19940  -70.99392    168.652     5.3968      8.013    13.9306    35.5909          4    181.810  0.000e+00
