cruise2/ctd/proc/NINEv0.cnv
* Sea-Bird SBE 9 Data File:
* FileName = C:\Users\Tech\Documents\DataFiles\SBE 9\NINE.hex
* Software Version Seasave V 7.26.7.107
* Temperature SN = 2735
* Conductivity SN = 2257
* Number of Bytes Per Scan = 44
* Number of Voltage Words = 4
* Number of Scans Averaged by the Deck Unit = 1
* NMEA Latitude = 40 11.97 N
* NMEA Longitude = 070 59.76 W
* NMEA UTC (Time) = Oct 12 2022  04:28:15
* NMEA baud rate = 4800
# nquan = 12
# nvalues = 30153                                 
# units = specified
# name 0 = sigma-t00: Density [sigma-t, kg/m^3 ]
# name 1 = depSM: Depth [salt water, m]
# name 2 = latitude: Latitude [deg]
# name 3 = longitude: Longitude [deg]
# name 4 = sbeox0Mm/L: Oxygen, SBE 43 [umol/l]
# name 5 = sbeox0Mg/L: Oxygen, SBE 43 [mg/l]
# name 6 = ph: pH
# name 7 = t090C: Temperature [ITS-90, deg C]
# name 8 = sal00: Salinity, Practical [PSU]
# name 9 = nbf: Bottles Fired
# name 10 = prDE: Pressure, Digiquartz [psi]
# name 11 = flag:  0.000e+00
# span 0 =    23.9756,    26.6591                 
# span 1 =      0.898,    124.450                 
# span 2 =   40.19922,   40.19952                 
# span 3 =  -70.99592,  -70.99170                 
# span 4 =    152.675,    251.322                 
# span 5 =     4.8855,     8.0422                 
# span 6 =      7.976,      8.194                 
# span 7 =    12.1882,    17.8269                 
# span 8 =    33.0466,    35.5941                 
# span 9 =          0,         12                 
# span 10 =      1.312,    181.951                
# span 11 = 0.0000e+00, 0.0000e+00                
# interval = seconds: 0.0416667
# start_time = Oct 12 2022 04:28:18 [System UTC, header]
# bad_flag = -9.990e-29
*END*
[from data line 25745]
    24.8186     40.504   40.19922  -70.99230    218.064     6.9779      7.997    14.7411    33.4314          8     59.207  0.000e+00
    24.8182     40.478   40.19922  -70.99230    218.177     6.9816      7.997    14.7435    33.4315          8     59.169  0.000e+00
    24.8178     40.414   40.19922  -70.99230    218.537     6.9931      7.997    14.7462    33.4317          8     59.075  0.000e+00
    24.8177     40.414   40.19922  -70.99230    218.899     7.0047      7.997    14.7495    33.4324          8     59.075  0.000e+00
    24.8174     40.382   40.19922  -70.99230    219.125     7.0119      7.997    14.7528    33.4330          8     59.028  0.000e+00
    24.8168     40.318   40.19922  -70.99230    219.355     7.0193      7.997    14.7557    33.4331          8     58.934  0.000e+00
    24.8161     40.292   40.19922  -70.99230    219.564     7.0260      7.997    14.7604    33.4335          8     58.897  0.000e+00
    24.8141     40.222   40.19922  -70.99230    219.615     7.0276      7.997    14.7667    33.4326          8     58.794  0.000e+00
    24.8140     40.241   40.19922  -70.99230    219.942     7.0381      7.997    14.7701    33.4334          8     58.822  0.000e+00
    24.8137     40.132   40.19922  -70.99230    220.254     7.0480      7.997    14.7758    33.4347          8     58.662  0.000e+00
    24.8107     40.177   40.19922  -70.99230    220.428     7.0536      7.997    14.7831    33.4328          8     58.728  0.000e+00
    24.8095     40.100   40.19922  -70.99230    220.758     7.0641      7.997    14.7857    33.4319          8     58.615  0.000e+00
    24.8075     40.035   40.19922  -70.99230    221.093     7.0749      7.992    14.7900    33.4306          8     58.522  0.000e+00
    24.8038     40.055   40.19922  -70.99230    221.273     7.0806      7.996    14.7981    33.4281          8     58.550  0.000e+00
    24.7996     40.035   40.19922  -70.99230    221.441     7.0860      7.996    14.8078    33.4253          8     58.522  0.000e+00
    24.7958     39.958   40.19922  -70.99230    221.615     7.0916      7.996    14.8157    33.4226          8     58.409  0.000e+00
    24.7932     39.894   40.19922  -70.99230    221.787     7.0971      7.996    14.8205    33.4205          8     58.315  0.000e+00
    24.7910     39.894   40.19922  -70.99230    222.098     7.1070      8.001    14.8245    33.4187          8     58.315  0.000e+00
    24.7884     39.868   40.19922  -70.99230    222.421     7.1174      8.001    14.8281    33.4165          8     58.278  0.000e+00
    24.7873     39.849   40.19922  -70.99230    222.625     7.1239      8.001    14.8301    33.4156          8     58.249  0.000e+00
    24.7866     39.772   40.19922  -70.99230    222.964     7.1347      7.996    14.8312    33.4150          8     58.137  0.000e+00
    24.7863     39.753   40.19922  -70.99230    223.164     7.1412      8.001    14.8318    33.4148          8     58.109  0.000e+00
    24.7856     39.727   40.19922  -70.99230    223.341     7.1468      8.001    14.8332    33.4142          8     58.071  0.000e+00
    24.7847     39.708   40.19922  -70.99230    223.363     7.1475      8.001    14.8341    33.4133          8     58.043  0.000e+00
    24.7843     39.663   40.19922  -70.99230    223.500     7.1519      8.001    14.8347    33.4129          8     57.977  0.000e+00
    24.7840     39.631   40.19922  -70.99230    223.787     7.1611      8.001    14.8347    33.4126          8     57.930  0.000e+00
    24.7845     39.612   40.19922  -70.99230    223.934     7.1658      8.001    14.8340    33.4130          8     57.902  0.000e+00
    24.7842     39.535   40.19922  -70.99230    224.207     7.1745      8.001    14.8339    33.4126          8     57.790  0.000e+00
    24.7843     39.522   40.19922  -70.99230    224.352     7.1792      8.006    14.8339    33.4127          8     57.771  0.000e+00
    24.7838     39.470   40.19922  -70.99230    224.500     7.1839      8.006    14.8345    33.4123          8     57.696  0.000e+00
    24.7835     39.445   40.19922  -70.99230    224.624     7.1879      8.001    14.8357    33.4122          8     57.658  0.000e+00
    24.7835     39.426   40.19922  -70.99230    224.872     7.1958      8.001    14.8378    33.4128          8     57.630  0.000e+00
    24.7833     39.349   40.19922  -70.99230    225.001     7.1999      8.006    14.8403    33.4132          8     57.517  0.000e+00
    24.7825     39.381   40.19922  -70.99230    225.118     7.2037      8.006    14.8418    33.4126          8     57.564  0.000e+00
    24.7849     39.284   40.19922  -70.99230    225.243     7.2077      8.006    14.8415    33.4156          8     57.424  0.000e+00
    24.7841     39.304   40.19922  -70.99230    225.304     7.2096      8.006    14.8528    33.4177          8     57.452  0.000e+00
    24.7823     39.188   40.19922  -70.99230    225.394     7.2125      8.006    14.8570    33.4166          8     57.283  0.000e+00
    24.7879     39.207   40.19922  -70.99230    225.565     7.2180      8.006    14.8473    33.4211          8     57.311  0.000e+00
    24.7868     39.188   40.19922  -70.99230    225.636     7.2203      8.006    14.8529    33.4212          8     57.283  0.000e+00
    24.7844     39.098   40.19922  -70.99230    225.720     7.2229      8.006    14.8577    33.4195          8     57.151  0.000e+00
    24.7911     39.066   40.19922  -70.99230    225.956     7.2305      8.006    14.8560    33.4277          8     57.104  0.000e+00
    24.7967     39.047   40.19922  -70.99230    225.739     7.2235      8.010    14.8875    33.4437          8     57.076  0.000e+00
    24.7781     39.021   40.19922  -70.99230    225.455     7.2145      8.000    14.9820    33.4462          8     57.039  0.000e+00
    24.7629     38.957   40.19922  -70.99230    225.219     7.2069      8.005    15.0472    33.4449          8     56.945  0.000e+00
    24.7606     38.906   40.19922  -70.99230    225.183     7.2058      8.009    15.0697    33.4482          8     56.870  0.000e+00
    24.7509     38.925   40.19922  -70.99230    225.103     7.2032      8.009    15.1040    33.4453          8     56.898  0.000e+00
    24.7405     38.861   40.19922  -70.99230    224.872     7.1958      8.009    15.1661    33.4494          8     56.804  0.000e+00
    24.7238     38.784   40.19922  -70.99230    224.348     7.1790      8.009    15.2546    33.4528          8     56.692  0.000e+00
    24.7073     38.764   40.19922  -70.99230    224.121     7.1718      8.009    15.3140    33.4483          8     56.663  0.000e+00
    24.6993     38.719   40.19922  -70.99230    224.112     7.1715      8.008    15.3311    33.4429          8     56.598  0.000e+00
    24.6889     38.694   40.19922  -70.99230    223.882     7.1641      8.013    15.3608    33.4379          8     56.560  0.000e+00
    24.6786     38.623   40.19922  -70.99230    223.875     7.1639      8.013    15.3978    33.4351          8     56.457  0.000e+00
    24.6712     38.597   40.19922  -70.99230    223.767     7.1604      8.013    15.4323    33.4353          8     56.419  0.000e+00
    24.6645     38.578   40.19922  -70.99230    223.666     7.1572      8.013    15.4646    33.4359          8     56.391  0.000e+00
    24.6583     38.533   40.19922  -70.99230    223.438     7.1499      8.012    15.4945    33.4364          8     56.326  0.000e+00
    24.6466     38.508   40.19922  -70.99230    223.491     7.1516      8.012    15.5207    33.4288          8     56.288  0.000e+00
    24.6402     38.437   40.19922  -70.99230    223.358     7.1474      8.012    15.5296    33.4230          8     56.185  0.000e+00
    24.6368     38.411   40.19922  -70.99230    223.359     7.1474      8.017    15.5371    33.4208          8     56.147  0.000e+00
    24.6274     38.392   40.19922  -70.99230    223.340     7.1468      8.017    15.5518    33.4129          8     56.119  0.000e+00
    24.6259     38.296   40.19922  -70.99230    223.655     7.1569      8.017    15.5033    33.3968          8     55.978  0.000e+00
    24.6505     38.315   40.19922  -70.99230    224.403     7.1808      8.018    15.3717    33.3910          8     56.007  0.000e+00
    24.6860     38.251   40.19922  -70.99230    224.979     7.1992      8.018    15.2694    33.4080          8     55.913  0.000e+00
    24.6853     38.251   40.19922  -70.99230    224.779     7.1928      8.018    15.3165    33.4206          8     55.913  0.000e+00
    24.6734     38.174   40.19922  -70.99230    224.355     7.1793      8.017    15.4065    33.4309          8     55.800  0.000e+00
    24.6659     38.155   40.19922  -70.99230    223.986     7.1675      8.017    15.4613    33.4368          8     55.772  0.000e+00
    24.6511     38.084   40.19922  -70.99230    223.825     7.1623      8.017    15.5025    33.4294          8     55.669  0.000e+00
    24.6502     38.065   40.19922  -70.99230    223.990     7.1676      8.022    15.5072    33.4296          8     55.641  0.000e+00
    24.6475     38.013   40.19922  -70.99230    224.196     7.1742      8.022    15.5100    33.4269          8     55.565  0.000e+00
    24.6403     37.988   40.19922  -70.99230    224.166     7.1732      8.022    15.5345    33.4245          8     55.528  0.000e+00
    24.6345     37.923   40.19922  -70.99230    224.168     7.1733      8.021    15.5551    33.4230          8     55.434  0.000e+00
    24.6310     37.923   40.19922  -70.99230    224.326     7.1783      8.021    15.5711    33.4231          8     55.434  0.000e+00
    24.6229     37.846   40.19922  -70.99230    224.274     7.1767      8.021    15.6039    33.4220          8     55.322  0.000e+00
    24.6108     37.782   40.19922  -70.99230    224.219     7.1749      8.026    15.6358    33.4155          8     55.228  0.000e+00
    24.6125     37.801   40.19922  -70.99230    224.302     7.1776      8.021    15.6385    33.4185          8     55.256  0.000e+00
    24.6056     37.686   40.19922  -70.99230    224.282     7.1769      8.021    15.6639    33.4169          8     55.087  0.000e+00
    24.5955     37.731   40.19922  -70.99230    224.367     7.1796      8.021    15.6959    33.4131          8     55.153  0.000e+00
    24.5916     37.615   40.19922  -70.99230    224.423     7.1814      8.025    15.7110    33.4123          8     54.984  0.000e+00
    24.5857     37.641   40.19922  -70.99230    224.462     7.1827      8.025    15.7301    33.4102          8     55.021  0.000e+00
    24.5816     37.545   40.19922  -70.99230    224.511     7.1843      8.021    15.7460    33.4096          8     54.880  0.000e+00
    24.5796     37.519   40.19922  -70.99230    224.595     7.1869      8.025    15.7549    33.4096          8     54.843  0.000e+00
    24.5795     37.500   40.19922  -70.99230    224.599     7.1871      8.025    15.7560    33.4097          8     54.815  0.000e+00
    24.5798     37.448   40.19922  -70.99230    224.862     7.1955      8.025    15.7555    33.4100          8     54.740  0.000e+00
    24.5792     37.378   40.19922  -70.99228    224.865     7.1956      8.025    15.7563    33.4095          8     54.637  0.000e+00
    24.5793     37.359   40.19922  -70.99228    224.995     7.1997      8.025    15.7557    33.4094          8     54.608  0.000e+00
    24.5797     37.333   40.19922  -70.99228    225.140     7.2044      8.025    15.7523    33.4089          8     54.571  0.000e+00
    24.5778     37.307   40.19922  -70.99228    225.263     7.2083      8.025    15.7533    33.4068          8     54.533  0.000e+00
    24.5774     37.262   40.19922  -70.99228    225.376     7.2119      8.035    15.7555    33.4068          8     54.468  0.000e+00
    24.5811     37.192   40.19922  -70.99228    225.486     7.2155      8.025    15.7565    33.4120          8     54.364  0.000e+00
    24.5769     37.166   40.19922  -70.99228    225.547     7.2174      8.025    15.7691    33.4102          8     54.327  0.000e+00
    24.5737     37.121   40.19922  -70.99228    225.487     7.2155      8.025    15.7817    33.4097          8     54.261  0.000e+00
    24.5728     37.095   40.19922  -70.99228    225.661     7.2210      8.025    15.7943    33.4121          8     54.224  0.000e+00
    24.5659     37.031   40.19922  -70.99228    225.598     7.2190      8.025    15.8083    33.4073          8     54.130  0.000e+00
    24.5658     36.980   40.19922  -70.99228    225.911     7.2291      8.025    15.7983    33.4042          8     54.055  0.000e+00
    24.5692     36.954   40.19922  -70.99228    226.005     7.2321      8.030    15.7812    33.4037          8     54.017  0.000e+00
    24.5730     36.935   40.19922  -70.99228    226.351     7.2431      8.030    15.7644    33.4038          8     53.989  0.000e+00
    24.5783     36.890   40.19922  -70.99228    226.468     7.2469      8.030    15.7426    33.4043          8     53.923  0.000e+00
    24.5734     36.813   40.19922  -70.99228    226.525     7.2487      8.025    15.7536    33.4011          8     53.811  0.000e+00
    24.5673     36.839   40.19922  -70.99228    226.482     7.2473      8.030    15.7834    33.4019          8     53.848  0.000e+00
    24.5657     36.749   40.19922  -70.99228    226.441     7.2460      8.030    15.8107    33.4078          8     53.717  0.000e+00
    24.5650     36.723   40.19922  -70.99228    226.433     7.2458      8.025    15.8296    33.4124          8     53.679  0.000e+00
    24.5652     36.697   40.19922  -70.99228    226.358     7.2434      8.030    15.8390    33.4153          8     53.642  0.000e+00
    24.5624     36.608   40.19922  -70.99228    226.486     7.2475      8.030    15.8578    33.4172          8     53.510  0.000e+00
    24.5552     36.627   40.19922  -70.99228    226.465     7.2468      8.029    15.8841    33.4155          8     53.539  0.000e+00
    24.5529     36.556   40.19922  -70.99228    226.392     7.2444      8.029    15.8913    33.4146          8     53.435  0.000e+00
    24.5516     36.511   40.19922  -70.99228    226.461     7.2466      8.029    15.8967    33.4146          8     53.370  0.000e+00
    24.5435     36.486   40.19922  -70.99228    226.416     7.2452      8.029    15.9224    33.4116          8     53.332  0.000e+00
    24.5359     36.415   40.19922  -70.99228    226.536     7.2490      8.034    15.9419    33.4074          8     53.229  0.000e+00
    24.5368     36.415   40.19922  -70.99228    226.634     7.2522      8.034    15.9416    33.4084          8     53.229  0.000e+00
    24.5306     36.344   40.19922  -70.99228    226.641     7.2524      8.029    15.9593    33.4056          8     53.126  0.000e+00
    24.5279     36.274   40.19922  -70.99228    226.635     7.2522      8.034    15.9782    33.4077          8     53.023  0.000e+00
    24.5280     36.274   40.19922  -70.99228    226.651     7.2527      8.034    15.9925    33.4120          8     53.023  0.000e+00
    24.5214     36.248   40.19922  -70.99228    226.580     7.2504      8.029    16.0243    33.4128          8     52.985  0.000e+00
    24.5157     36.229   40.19922  -70.99228    226.386     7.2442      8.033    16.0542    33.4141          8     52.957  0.000e+00
    24.5100     36.133   40.19922  -70.99228    226.173     7.2374      8.033    16.0822    33.4150          8     52.816  0.000e+00
    24.5037     36.158   40.19922  -70.99228    226.196     7.2382      8.033    16.1138    33.4161          8     52.854  0.000e+00
    24.4964     36.043   40.19922  -70.99228    225.984     7.2314      8.033    16.1446    33.4157          8     52.685  0.000e+00
    24.4889     36.088   40.19922  -70.99228    225.928     7.2296      8.033    16.1722    33.4141          8     52.750  0.000e+00
    24.4776     36.017   40.19922  -70.99228    225.871     7.2278      8.033    16.2008    33.4079          8     52.647  0.000e+00
    24.4748     35.946   40.19922  -70.99228    225.932     7.2297      8.033    16.2056    33.4057          8     52.544  0.000e+00
