cruise2/ctd/proc/ORIG5v0.cnv
* Sea-Bird SBE 9 Data File:
* FileName = C:\Users\Tech\Documents\DataFiles\SBE 9\ORIG5.hex
* Software Version Seasave V 7.26.7.107
* Temperature SN = 2735
* Conductivity SN = 2257
* Number of Bytes Per Scan = 44
* Number of Voltage Words = 4
* Number of Scans Averaged by the Deck Unit = 1
* NMEA Latitude = 41 08.25 N
* NMEA Longitude = 071 39.13 W
* NMEA UTC (Time) = Oct 12 2022  20:01:41
* NMEA baud rate = 4800
# nquan = 12
# nvalues = 7267                                  
# units = specified
# name 0 = sigma-t00: Density [sigma-t, kg/m^3 ]
# name 1 = depSM: Depth [salt water, m]
# name 2 = latitude: Latitude [deg]
# name 3 = longitude: Longitude [deg]
# name 4 = sbeox0Mm/L: Oxygen, SBE 43 [umol/l]
# name 5 = sbeox0Mg/L: Oxygen, SBE 43 [mg/l]
# name 6 = ph: pH
# name 7 = t090C: Temperature [ITS-90, deg C]
# name 8 = sal00: Salinity, Practical [PSU]
# name 9 = nbf: Bottles Fired
# name 10 = prDE: Pressure, Digiquartz [psi]
# name 11 = flag:  0.000e+00
# span 0 =    23.3570,    23.7248                 
# span 1 =      1.406,     11.967                 
# span 2 =   41.13588,   41.13746                 
# span 3 =  -71.65220,  -71.65020                 
# span 4 =    248.838,    270.064                 
# span 5 =     7.9627,     8.6419                 
# span 6 =      8.068,      8.130                 
# span 7 =    16.6800,    17.2662                 
# span 8 =    32.2633,    32.5709                 
# span 9 =          0,          7                 
# span 10 =      2.055,     17.493                
# span 11 = 0.0000e+00, 0.0000e+00                
# interval = seconds: 0.0416667
# start_time = Oct 12 2022 20:01:45 [System UTC, header]
# bad_flag = -9.990e-29
*END*
[from data line 4091]
    23.5238      5.472   41.13656  -71.65108    261.615     8.3716      8.103    16.9663    32.3951          3      7.999  0.000e+00
    23.5228      5.434   41.13656  -71.65108    261.742     8.3756      8.103    16.9671    32.3940          3      7.943  0.000e+00
    23.5224      5.382   41.13656  -71.65108    261.624     8.3718      8.103    16.9675    32.3936          3      7.868  0.000e+00
    23.5245      5.434   41.13656  -71.65108    261.652     8.3727      8.103    16.9649    32.3955          3      7.943  0.000e+00
    23.5266      5.427   41.13656  -71.65108    261.798     8.3774      8.103    16.9616    32.3974          3      7.933  0.000e+00
    23.5275      5.427   41.13656  -71.65108    261.827     8.3784      8.103    16.9609    32.3983          3      7.933  0.000e+00
    23.5280      5.382   41.13656  -71.65106    261.858     8.3793      8.103    16.9599    32.3987          3      7.868  0.000e+00
    23.5283      5.427   41.13656  -71.65106    261.905     8.3809      8.103    16.9589    32.3988          3      7.933  0.000e+00
    23.5298      5.382   41.13656  -71.65106    261.937     8.3819      8.103    16.9575    32.4003          3      7.868  0.000e+00
    23.5304      5.427   41.13656  -71.65106    261.968     8.3828      8.103    16.9570    32.4008          3      7.933  0.000e+00
    23.5304      5.382   41.13656  -71.65106    262.123     8.3878      8.103    16.9570    32.4008          3      7.868  0.000e+00
    23.5307      5.382   41.13656  -71.65106    262.164     8.3891      8.103    16.9566    32.4011          3      7.868  0.000e+00
    23.5303      5.382   41.13656  -71.65106    262.203     8.3904      8.103    16.9568    32.4007          3      7.868  0.000e+00
    23.5302      5.337   41.13656  -71.65106    262.122     8.3878      8.103    16.9571    32.4006          3      7.802  0.000e+00
    23.5301      5.382   41.13656  -71.65106    262.149     8.3887      8.103    16.9573    32.4006          3      7.868  0.000e+00
    23.5303      5.337   41.13656  -71.65106    262.319     8.3941      8.103    16.9568    32.4007          3      7.802  0.000e+00
    23.5312      5.382   41.13656  -71.65106    262.363     8.3955      8.103    16.9559    32.4016          3      7.868  0.000e+00
    23.5306      5.337   41.13656  -71.65106    262.527     8.4007      8.103    16.9565    32.4010          3      7.802  0.000e+00
    23.5306      5.331   41.13656  -71.65106    262.576     8.4023      8.113    16.9566    32.4010          3      7.793  0.000e+00
    23.5307      5.331   41.13656  -71.65106    262.611     8.4034      8.103    16.9566    32.4011          3      7.793  0.000e+00
    23.5308      5.337   41.13656  -71.65106    262.776     8.4087      8.103    16.9565    32.4013          3      7.802  0.000e+00
    23.5313      5.286   41.13656  -71.65106    262.821     8.4102      8.103    16.9559    32.4017          3      7.727  0.000e+00
    23.5317      5.337   41.13656  -71.65106    262.868     8.4117      8.103    16.9554    32.4021          3      7.802  0.000e+00
    23.5314      5.286   41.13656  -71.65106    262.764     8.4083      8.103    16.9556    32.4018          3      7.727  0.000e+00
    23.5319      5.331   41.13656  -71.65106    262.911     8.4130      8.103    16.9549    32.4022          3      7.793  0.000e+00
    23.5331      5.293   41.13656  -71.65106    262.950     8.4143      8.103    16.9537    32.4034          3      7.736  0.000e+00
    23.5335      5.286   41.13656  -71.65106    263.114     8.4195      8.103    16.9534    32.4038          3      7.727  0.000e+00
    23.5323      5.241   41.13656  -71.65106    263.152     8.4207      8.103    16.9545    32.4026          3      7.661  0.000e+00
    23.5309      5.286   41.13656  -71.65106    263.304     8.4256      8.103    16.9561    32.4012          3      7.727  0.000e+00
    23.5301      5.293   41.13656  -71.65106    263.337     8.4267      8.103    16.9570    32.4005          3      7.736  0.000e+00
    23.5304      5.241   41.13656  -71.65106    263.373     8.4278      8.103    16.9563    32.4006          3      7.661  0.000e+00
    23.5305      5.286   41.13656  -71.65106    263.408     8.4289      8.103    16.9556    32.4005          3      7.727  0.000e+00
    23.5312      5.241   41.13656  -71.65106    263.550     8.4335      8.103    16.9551    32.4013          3      7.661  0.000e+00
    23.5320      5.241   41.13656  -71.65106    263.444     8.4301      8.103    16.9544    32.4022          3      7.661  0.000e+00
    23.5317      5.241   41.13656  -71.65106    263.459     8.4306      8.103    16.9549    32.4019          3      7.661  0.000e+00
    23.5300      5.286   41.13656  -71.65106    263.463     8.4307      8.099    16.9573    32.4004          3      7.727  0.000e+00
    23.5291      5.241   41.13656  -71.65106    263.581     8.4345      8.103    16.9587    32.3997          3      7.661  0.000e+00
    23.5266      5.196   41.13656  -71.65106    263.452     8.4303      8.103    16.9621    32.3975          3      7.596  0.000e+00
    23.5249      5.241   41.13656  -71.65106    263.578     8.4344      8.103    16.9637    32.3957          3      7.661  0.000e+00
    23.5251      5.241   41.13656  -71.65106    263.460     8.4306      8.103    16.9633    32.3960          3      7.661  0.000e+00
    23.5254      5.241   41.13656  -71.65106    263.587     8.4347      8.103    16.9626    32.3961          3      7.661  0.000e+00
    23.5268      5.196   41.13656  -71.65106    263.466     8.4308      8.103    16.9609    32.3974          3      7.596  0.000e+00
    23.5269      5.241   41.13656  -71.65106    263.586     8.4346      8.108    16.9604    32.3973          3      7.661  0.000e+00
    23.5268      5.241   41.13656  -71.65106    263.578     8.4344      8.103    16.9608    32.3973          3      7.661  0.000e+00
    23.5289      5.196   41.13656  -71.65106    263.460     8.4306      8.103    16.9585    32.3993          3      7.596  0.000e+00
    23.5303      5.241   41.13656  -71.65106    263.323     8.4262      8.103    16.9575    32.4009          3      7.661  0.000e+00
    23.5306      5.196   41.13656  -71.65106    263.411     8.4290      8.103    16.9573    32.4013          3      7.596  0.000e+00
    23.5303      5.241   41.13656  -71.65106    263.393     8.4285      8.113    16.9575    32.4009          3      7.661  0.000e+00
    23.5317      5.241   41.13656  -71.65106    263.377     8.4279      8.103    16.9561    32.4023          3      7.661  0.000e+00
    23.5322      5.196   41.13656  -71.65106    263.351     8.4271      8.103    16.9558    32.4028          3      7.596  0.000e+00
    23.5328      5.241   41.13656  -71.65106    263.340     8.4268      8.103    16.9552    32.4035          3      7.661  0.000e+00
    23.5332      5.241   41.13656  -71.65106    263.440     8.4300      8.103    16.9548    32.4039          3      7.661  0.000e+00
    23.5323      5.196   41.13656  -71.65106    263.284     8.4250      8.103    16.9556    32.4030          3      7.596  0.000e+00
    23.5333      5.241   41.13656  -71.65106    263.396     8.4286      8.103    16.9544    32.4039          3      7.661  0.000e+00
    23.5357      5.241   41.13656  -71.65106    263.392     8.4284      8.103    16.9518    32.4062          3      7.661  0.000e+00
    23.5386      5.241   41.13656  -71.65106    263.126     8.4199      8.103    16.9491    32.4092          3      7.661  0.000e+00
    23.5406      5.286   41.13656  -71.65106    263.219     8.4229      8.103    16.9472    32.4111          3      7.727  0.000e+00
    23.5409      5.241   41.13656  -71.65106    263.314     8.4259      8.103    16.9467    32.4115          3      7.661  0.000e+00
    23.5417      5.241   41.13656  -71.65106    263.288     8.4251      8.103    16.9463    32.4124          3      7.661  0.000e+00
    23.5417      5.286   41.13656  -71.65106    263.147     8.4206      8.103    16.9458    32.4123          3      7.727  0.000e+00
    23.5427      5.241   41.13656  -71.65106    263.246     8.4238      8.103    16.9451    32.4133          3      7.661  0.000e+00
    23.5432      5.286   41.13656  -71.65106    263.357     8.4273      8.103    16.9448    32.4138          3      7.727  0.000e+00
    23.5425      5.241   41.13656  -71.65106    263.200     8.4223      8.103    16.9455    32.4131          3      7.661  0.000e+00
    23.5414      5.331   41.13656  -71.65106    263.156     8.4209      8.103    16.9468    32.4121          3      7.792  0.000e+00
    23.5406      5.286   41.13656  -71.65106    263.252     8.4240      8.103    16.9473    32.4113          3      7.727  0.000e+00
    23.5399      5.292   41.13656  -71.65106    263.099     8.4190      8.103    16.9482    32.4106          3      7.736  0.000e+00
    23.5400      5.331   41.13656  -71.65106    263.078     8.4184      8.103    16.9480    32.4106          3      7.792  0.000e+00
    23.5402      5.292   41.13656  -71.65106    263.054     8.4176      8.103    16.9475    32.4108          3      7.736  0.000e+00
    23.5404      5.331   41.13656  -71.65106    263.030     8.4168      8.103    16.9472    32.4109          3      7.792  0.000e+00
    23.5398      5.337   41.13656  -71.65106    263.140     8.4204      8.103    16.9479    32.4104          3      7.802  0.000e+00
    23.5398      5.331   41.13656  -71.65106    263.263     8.4243      8.103    16.9480    32.4104          3      7.792  0.000e+00
    23.5402      5.331   41.13656  -71.65106    263.139     8.4203      8.103    16.9477    32.4109          3      7.792  0.000e+00
    23.5409      5.382   41.13656  -71.65106    263.120     8.4197      8.103    16.9470    32.4116          3      7.867  0.000e+00
    23.5406      5.331   41.13656  -71.65106    263.235     8.4234      8.103    16.9470    32.4112          3      7.792  0.000e+00
    23.5400      5.382   41.13656  -71.65106    263.102     8.4191      8.103    16.9477    32.4105          3      7.867  0.000e+00
    23.5401      5.382   41.13656  -71.65106    263.095     8.4189      8.103    16.9479    32.4108          3      7.867  0.000e+00
    23.5407      5.382   41.13656  -71.65106    263.091     8.4188      8.103    16.9473    32.4114          3      7.867  0.000e+00
    23.5420      5.337   41.13656  -71.65106    263.097     8.4190      8.108    16.9465    32.4129          3      7.802  0.000e+00
    23.5420      5.382   41.13654  -71.65104    263.098     8.4190      8.103    16.9473    32.4131          3      7.867  0.000e+00
    23.5408      5.434   41.13654  -71.65104    263.100     8.4191      8.103    16.9482    32.4118          3      7.942  0.000e+00
    23.5414      5.382   41.13654  -71.65104    263.230     8.4233      8.103    16.9479    32.4124          3      7.867  0.000e+00
    23.5426      5.382   41.13654  -71.65104    263.263     8.4243      8.103    16.9463    32.4136          3      7.867  0.000e+00
    23.5431      5.427   41.13654  -71.65104    263.276     8.4247      8.099    16.9463    32.4142          3      7.933  0.000e+00
    23.5415      5.382   41.13654  -71.65104    263.407     8.4289      8.103    16.9480    32.4126          3      7.867  0.000e+00
    23.5409      5.434   41.13654  -71.65104    263.427     8.4296      8.103    16.9485    32.4120          3      7.942  0.000e+00
    23.5402      5.382   41.13654  -71.65104    263.324     8.4263      8.103    16.9494    32.4113          3      7.867  0.000e+00
    23.5391      5.434   41.13654  -71.65104    263.198     8.4222      8.103    16.9505    32.4102          3      7.942  0.000e+00
    23.5387      5.382   41.13654  -71.65104    263.331     8.4265      8.108    16.9505    32.4097          3      7.867  0.000e+00
    23.5389      5.382   41.13654  -71.65104    263.335     8.4266      8.103    16.9503    32.4099          3      7.867  0.000e+00
    23.5398      5.427   41.13654  -71.65104    263.226     8.4231      8.103    16.9493    32.4108          3      7.933  0.000e+00
    23.5419      5.427   41.13654  -71.65104    263.350     8.4271      8.103    16.9475    32.4130          3      7.933  0.000e+00
    23.5420      5.382   41.13654  -71.65104    263.361     8.4274      8.103    16.9475    32.4132          3      7.867  0.000e+00
    23.5408      5.427   41.13654  -71.65104    263.370     8.4277      8.099    16.9485    32.4118          3      7.933  0.000e+00
    23.5400      5.382   41.13654  -71.65104    263.232     8.4233      8.103    16.9496    32.4111          3      7.867  0.000e+00
    23.5392      5.427   41.13654  -71.65104    263.073     8.4182      8.103    16.9503    32.4104          3      7.933  0.000e+00
    23.5386      5.382   41.13654  -71.65104    263.168     8.4212      8.103    16.9510    32.4098          3      7.867  0.000e+00
    23.5378      5.382   41.13654  -71.65104    263.019     8.4165      8.103    16.9515    32.4089          3      7.867  0.000e+00
    23.5376      5.382   41.13654  -71.65104    262.986     8.4154      8.108    16.9518    32.4087          3      7.867  0.000e+00
    23.5378      5.382   41.13654  -71.65104    262.956     8.4145      8.103    16.9515    32.4088          3      7.867  0.000e+00
    23.5372      5.427   41.13654  -71.65104    262.667     8.4052      8.103    16.9516    32.4081          3      7.933  0.000e+00
    23.5368      5.337   41.13654  -71.65104    262.749     8.4079      8.103    16.9518    32.4076          3      7.802  0.000e+00
    23.5361      5.382   41.13654  -71.65104    262.704     8.4064      8.103    16.9525    32.4069          3      7.867  0.000e+00
    23.5361      5.382   41.13654  -71.65104    262.675     8.4055      8.117    16.9523    32.4068          3      7.867  0.000e+00
    23.5361      5.382   41.13654  -71.65104    262.646     8.4046      8.103    16.9520    32.4068          3      7.867  0.000e+00
    23.5362      5.331   41.13654  -71.65104    262.461     8.3986      8.103    16.9518    32.4069          3      7.792  0.000e+00
    23.5365      5.382   41.13654  -71.65104    262.537     8.4011      8.103    16.9516    32.4072          3      7.867  0.000e+00
    23.5363      5.331   41.13654  -71.65104    262.376     8.3959      8.103    16.9518    32.4070          3      7.792  0.000e+00
    23.5361      5.382   41.13654  -71.65104    262.335     8.3946      8.103    16.9522    32.4068          3      7.867  0.000e+00
    23.5360      5.337   41.13654  -71.65104    262.280     8.3929      8.103    16.9522    32.4067          3      7.802  0.000e+00
    23.5358      5.331   41.13654  -71.65104    262.239     8.3915      8.103    16.9525    32.4065          3      7.792  0.000e+00
    23.5357      5.337   41.13654  -71.65104    262.214     8.3907      8.103    16.9525    32.4064          3      7.802  0.000e+00
    23.5356      5.286   41.13654  -71.65104    262.175     8.3895      8.103    16.9525    32.4064          3      7.727  0.000e+00
    23.5359      5.337   41.13654  -71.65104    262.141     8.3884      8.103    16.9523    32.4067          3      7.802  0.000e+00
    23.5358      5.331   41.13654  -71.65104    262.120     8.3877      8.103    16.9523    32.4066          3      7.792  0.000e+00
    23.5358      5.286   41.13654  -71.65104    262.083     8.3865      8.103    16.9527    32.4066          3      7.727  0.000e+00
    23.5360      5.337   41.13654  -71.65104    262.055     8.3856      8.103    16.9522    32.4068          3      7.802  0.000e+00
    23.5358      5.286   41.13654  -71.65104    261.892     8.3804      8.103    16.9523    32.4065          3      7.727  0.000e+00
    23.5355      5.292   41.13654  -71.65104    261.850     8.3791      8.103    16.9525    32.4061          3      7.736  0.000e+00
    23.5353      5.286   41.13654  -71.65104    261.821     8.3781      8.103    16.9528    32.4060          3      7.727  0.000e+00
