cruise2/ctd/proc/ORIG5v0.cnv
* Sea-Bird SBE 9 Data File:
* FileName = C:\Users\Tech\Documents\DataFiles\SBE 9\ORIG5.hex
* Software Version Seasave V 7.26.7.107
* Temperature SN = 2735
* Conductivity SN = 2257
* Number of Bytes Per Scan = 44
* Number of Voltage Words = 4
* Number of Scans Averaged by the Deck Unit = 1
* NMEA Latitude = 41 08.25 N
* NMEA Longitude = 071 39.13 W
* NMEA UTC (Time) = Oct 12 2022  20:01:41
* NMEA baud rate = 4800
# nquan = 12
# nvalues = 7267                                  
# units = specified
# name 0 = sigma-t00: Density [sigma-t, kg/m^3 ]
# name 1 = depSM: Depth [salt water, m]
# name 2 = latitude: Latitude [deg]
# name 3 = longitude: Longitude [deg]
# name 4 = sbeox0Mm/L: Oxygen, SBE 43 [umol/l]
# name 5 = sbeox0Mg/L: Oxygen, SBE 43 [mg/l]
# name 6 = ph: pH
# name 7 = t090C: Temperature [ITS-90, deg C]
# name 8 = sal00: Salinity, Practical [PSU]
# name 9 = nbf: Bottles Fired
# name 10 = prDE: Pressure, Digiquartz [psi]
# name 11 = flag:  0.000e+00
# span 0 =    23.3570,    23.7248                 
# span 1 =      1.406,     11.967                 
# span 2 =   41.13588,   41.13746                 
# span 3 =  -71.65220,  -71.65020                 
# span 4 =    248.838,    270.064                 
# span 5 =     7.9627,     8.6419                 
# span 6 =      8.068,      8.130                 
# span 7 =    16.6800,    17.2662                 
# span 8 =    32.2633,    32.5709                 
# span 9 =          0,          7                 
# span 10 =      2.055,     17.493                
# span 11 = 0.0000e+00, 0.0000e+00                
# interval = seconds: 0.0416667
# start_time = Oct 12 2022 20:01:45 [System UTC, header]
# bad_flag = -9.990e-29
*END*
[from data line 2767]
    23.7092     11.579   41.13686  -71.65142    250.807     8.0257      8.081    16.7142    32.5605          1     16.925  0.000e+00
    23.7092     11.592   41.13686  -71.65142    250.812     8.0259      8.086    16.7142    32.5606          1     16.944  0.000e+00
    23.7096     11.579   41.13686  -71.65142    250.946     8.0302      8.081    16.7138    32.5609          1     16.925  0.000e+00
    23.7097     11.579   41.13686  -71.65142    250.977     8.0312      8.072    16.7131    32.5608          1     16.925  0.000e+00
    23.7100     11.624   41.13686  -71.65142    250.877     8.0279      8.086    16.7128    32.5612          1     16.991  0.000e+00
    23.7098     11.592   41.13686  -71.65142    250.888     8.0283      8.086    16.7129    32.5610          1     16.944  0.000e+00
    23.7102     11.624   41.13686  -71.65142    250.906     8.0289      8.086    16.7122    32.5612          1     16.991  0.000e+00
    23.7099     11.675   41.13686  -71.65142    250.906     8.0289      8.081    16.7124    32.5609          1     17.066  0.000e+00
    23.7101     11.624   41.13686  -71.65142    251.026     8.0327      8.081    16.7133    32.5615          1     16.991  0.000e+00
    23.7091     11.636   41.13686  -71.65142    251.037     8.0331      8.086    16.7157    32.5609          1     17.010  0.000e+00
    23.7081     11.675   41.13686  -71.65142    251.036     8.0330      8.086    16.7177    32.5602          1     17.066  0.000e+00
    23.7074     11.675   41.13686  -71.65142    251.180     8.0376      8.086    16.7190    32.5597          1     17.066  0.000e+00
    23.7069     11.675   41.13686  -71.65142    251.061     8.0339      8.086    16.7201    32.5593          1     17.066  0.000e+00
    23.7064     11.681   41.13686  -71.65142    251.063     8.0339      8.081    16.7205    32.5589          1     17.075  0.000e+00
    23.7064     11.720   41.13686  -71.65142    251.062     8.0339      8.086    16.7212    32.5590          1     17.132  0.000e+00
    23.7061     11.720   41.13686  -71.65142    250.944     8.0301      8.086    16.7215    32.5587          1     17.132  0.000e+00
    23.7060     11.733   41.13686  -71.65142    251.074     8.0342      8.086    16.7217    32.5586          1     17.150  0.000e+00
    23.7056     11.720   41.13686  -71.65142    251.081     8.0345      8.086    16.7225    32.5583          1     17.132  0.000e+00
    23.7054     11.765   41.13686  -71.65142    251.092     8.0348      8.086    16.7228    32.5582          1     17.197  0.000e+00
    23.7052     11.765   41.13686  -71.65142    251.087     8.0347      8.086    16.7230    32.5580          1     17.197  0.000e+00
    23.7049     11.733   41.13686  -71.65142    251.078     8.0344      8.081    16.7236    32.5578          1     17.150  0.000e+00
    23.7052     11.816   41.13686  -71.65142    251.086     8.0346      8.086    16.7238    32.5582          1     17.272  0.000e+00
    23.7049     11.765   41.13686  -71.65142    251.217     8.0388      8.081    16.7243    32.5580          1     17.197  0.000e+00
    23.7045     11.816   41.13686  -71.65142    251.221     8.0390      8.086    16.7244    32.5575          1     17.272  0.000e+00
    23.7052     11.822   41.13686  -71.65142    251.237     8.0395      8.086    16.7239    32.5582          1     17.282  0.000e+00
    23.7048     11.816   41.13686  -71.65142    251.246     8.0397      8.081    16.7248    32.5580          1     17.272  0.000e+00
    23.7036     11.816   41.13686  -71.65142    251.103     8.0352      8.086    16.7270    32.5571          1     17.272  0.000e+00
    23.7014     11.816   41.13686  -71.65142    251.084     8.0346      8.086    16.7304    32.5552          1     17.272  0.000e+00
    23.7015     11.867   41.13686  -71.65142    251.076     8.0343      8.086    16.7313    32.5557          1     17.347  0.000e+00
    23.7015     11.861   41.13686  -71.65142    251.071     8.0341      8.086    16.7313    32.5557          1     17.338  0.000e+00
    23.7016     11.816   41.13686  -71.65142    250.919     8.0293      8.086    16.7315    32.5558          1     17.272  0.000e+00
    23.7009     11.861   41.13686  -71.65142    251.012     8.0323      8.086    16.7325    32.5552          1     17.338  0.000e+00
    23.6998     11.867   41.13686  -71.65142    250.983     8.0313      8.086    16.7340    32.5543          1     17.347  0.000e+00
    23.6992     11.906   41.13686  -71.65142    250.955     8.0304      8.086    16.7352    32.5538          1     17.404  0.000e+00
    23.6993     11.861   41.13686  -71.65142    250.808     8.0257      8.086    16.7358    32.5541          1     17.338  0.000e+00
    23.6996     11.861   41.13686  -71.65142    250.899     8.0286      8.081    16.7358    32.5545          1     17.338  0.000e+00
    23.7001     11.867   41.13686  -71.65142    250.758     8.0241      8.086    16.7351    32.5549          1     17.347  0.000e+00
    23.6996     11.906   41.13686  -71.65142    250.731     8.0233      8.086    16.7354    32.5544          1     17.404  0.000e+00
    23.6986     11.861   41.13686  -71.65142    250.569     8.0181      8.086    16.7361    32.5534          1     17.338  0.000e+00
    23.6999     11.906   41.13686  -71.65142    250.683     8.0217      8.086    16.7339    32.5544          1     17.404  0.000e+00
    23.6999     11.867   41.13686  -71.65142    250.540     8.0172      8.086    16.7334    32.5542          1     17.347  0.000e+00
    23.7001     11.861   41.13686  -71.65142    250.506     8.0161      8.086    16.7323    32.5542          1     17.338  0.000e+00
    23.7007     11.906   41.13686  -71.65142    250.490     8.0156      8.086    16.7304    32.5544          1     17.404  0.000e+00
    23.7024     11.906   41.13686  -71.65142    250.590     8.0188      8.081    16.7282    32.5559          1     17.404  0.000e+00
    23.7035     11.867   41.13686  -71.65142    250.449     8.0143      8.081    16.7270    32.5569          1     17.347  0.000e+00
    23.7033     11.816   41.13686  -71.65142    250.547     8.0174      8.086    16.7277    32.5569          1     17.272  0.000e+00
    23.7022     11.906   41.13686  -71.65142    250.520     8.0165      8.086    16.7286    32.5558          1     17.404  0.000e+00
    23.7027     11.861   41.13686  -71.65142    250.506     8.0161      8.086    16.7282    32.5564          1     17.338  0.000e+00
    23.7031     11.822   41.13686  -71.65142    250.491     8.0156      8.086    16.7280    32.5568          1     17.282  0.000e+00
    23.7033     11.861   41.13686  -71.65142    250.347     8.0110      8.086    16.7280    32.5570          1     17.338  0.000e+00
    23.7030     11.861   41.13686  -71.65142    250.320     8.0101      8.086    16.7282    32.5567          1     17.338  0.000e+00
    23.7025     11.777   41.13686  -71.65142    250.431     8.0137      8.095    16.7291    32.5563          1     17.216  0.000e+00
    23.7026     11.861   41.13686  -71.65142    250.432     8.0137      8.086    16.7294    32.5565          1     17.338  0.000e+00
    23.7031     11.816   41.13686  -71.65142    250.419     8.0133      8.081    16.7291    32.5571          1     17.272  0.000e+00
    23.7027     11.816   41.13686  -71.65142    250.407     8.0129      8.086    16.7292    32.5566          1     17.272  0.000e+00
    23.7021     11.822   41.13686  -71.65142    250.392     8.0124      8.081    16.7300    32.5561          1     17.282  0.000e+00
    23.7013     11.816   41.13686  -71.65142    250.504     8.0160      8.086    16.7311    32.5554          1     17.272  0.000e+00
    23.7004     11.765   41.13686  -71.65142    250.506     8.0161      8.086    16.7332    32.5548          1     17.197  0.000e+00
    23.7001     11.765   41.13684  -71.65140    250.511     8.0163      8.086    16.7346    32.5548          1     17.197  0.000e+00
    23.6999     11.777   41.13684  -71.65140    250.519     8.0165      8.086    16.7356    32.5548          1     17.216  0.000e+00
    23.7002     11.765   41.13684  -71.65140    250.545     8.0173      8.086    16.7356    32.5553          1     17.197  0.000e+00
    23.6996     11.765   41.13684  -71.65140    250.554     8.0176      8.086    16.7366    32.5548          1     17.197  0.000e+00
    23.6986     11.720   41.13684  -71.65140    250.563     8.0179      8.086    16.7375    32.5537          1     17.132  0.000e+00
    23.6990     11.777   41.13684  -71.65140    250.714     8.0227      8.086    16.7365    32.5539          1     17.216  0.000e+00
    23.6990     11.720   41.13684  -71.65140    250.727     8.0231      8.077    16.7361    32.5539          1     17.132  0.000e+00
    23.6991     11.720   41.13684  -71.65140    250.880     8.0281      8.086    16.7363    32.5540          1     17.132  0.000e+00
    23.6992     11.675   41.13684  -71.65140    250.916     8.0292      8.086    16.7361    32.5542          1     17.066  0.000e+00
    23.7002     11.733   41.13684  -71.65140    250.828     8.0264      8.086    16.7349    32.5550          1     17.150  0.000e+00
    23.7001     11.675   41.13684  -71.65140    250.977     8.0311      8.086    16.7352    32.5550          1     17.066  0.000e+00
    23.6997     11.675   41.13684  -71.65140    251.140     8.0364      8.086    16.7356    32.5546          1     17.066  0.000e+00
    23.7001     11.675   41.13684  -71.65140    251.187     8.0379      8.086    16.7349    32.5550          1     17.066  0.000e+00
    23.6997     11.681   41.13684  -71.65140    251.247     8.0398      8.086    16.7346    32.5544          1     17.075  0.000e+00
    23.7001     11.675   41.13684  -71.65140    251.307     8.0417      8.086    16.7337    32.5545          1     17.066  0.000e+00
    23.7006     11.623   41.13684  -71.65140    251.364     8.0435      8.086    16.7328    32.5550          1     16.991  0.000e+00
    23.7010     11.675   41.13684  -71.65140    251.423     8.0454      8.086    16.7320    32.5552          1     17.066  0.000e+00
    23.7011     11.636   41.13684  -71.65140    251.592     8.0508      8.086    16.7317    32.5552          1     17.010  0.000e+00
    23.7014     11.623   41.13684  -71.65140    251.642     8.0524      8.086    16.7315    32.5556          1     16.991  0.000e+00
    23.7013     11.623   41.13684  -71.65140    251.819     8.0581      8.081    16.7317    32.5555          1     16.991  0.000e+00
    23.7013     11.591   41.13684  -71.65140    251.874     8.0599      8.086    16.7318    32.5556          1     16.944  0.000e+00
    23.7013     11.623   41.13684  -71.65140    251.914     8.0611      8.086    16.7323    32.5557          1     16.991  0.000e+00
    23.7013     11.623   41.13684  -71.65140    252.096     8.0670      8.086    16.7323    32.5557          1     16.991  0.000e+00
    23.7011     11.579   41.13684  -71.65140    252.155     8.0689      8.090    16.7325    32.5555          1     16.925  0.000e+00
    23.7009     11.636   41.13684  -71.65140    252.215     8.0708      8.086    16.7327    32.5553          1     17.010  0.000e+00
    23.7012     11.579   41.13684  -71.65140    252.254     8.0720      8.086    16.7327    32.5557          1     16.925  0.000e+00
    23.7009     11.579   41.13684  -71.65140    252.175     8.0695      8.086    16.7329    32.5553          1     16.925  0.000e+00
    23.7007     11.623   41.13684  -71.65140    252.330     8.0745      8.086    16.7327    32.5551          1     16.991  0.000e+00
    23.7006     11.591   41.13684  -71.65140    252.360     8.0754      8.086    16.7330    32.5549          1     16.944  0.000e+00
    23.7009     11.579   41.13684  -71.65140    252.374     8.0759      8.081    16.7329    32.5554          1     16.925  0.000e+00
    23.7013     11.579   41.13684  -71.65140    252.398     8.0766      8.086    16.7327    32.5558          1     16.925  0.000e+00
    23.7012     11.578   41.13684  -71.65140    252.536     8.0810      8.086    16.7325    32.5556          1     16.925  0.000e+00
    23.7009     11.591   41.13684  -71.65140    252.550     8.0815      8.086    16.7329    32.5554          1     16.944  0.000e+00
    23.7009     11.623   41.13684  -71.65140    252.690     8.0860      8.086    16.7330    32.5554          1     16.991  0.000e+00
    23.7008     11.578   41.13684  -71.65140    252.719     8.0869      8.086    16.7330    32.5553          1     16.925  0.000e+00
    23.7008     11.578   41.13684  -71.65140    252.732     8.0873      8.081    16.7330    32.5553          1     16.925  0.000e+00
    23.7006     11.591   41.13684  -71.65140    252.621     8.0837      8.081    16.7335    32.5551          1     16.944  0.000e+00
    23.7002     11.623   41.13684  -71.65140    252.620     8.0837      8.086    16.7345    32.5549          1     16.991  0.000e+00
    23.6993     11.578   41.13684  -71.65140    252.741     8.0876      8.086    16.7361    32.5543          1     16.925  0.000e+00
    23.6984     11.540   41.13684  -71.65140    252.736     8.0874      8.086    16.7382    32.5537          1     16.869  0.000e+00
    23.6969     11.675   41.13684  -71.65140    252.719     8.0869      8.086    16.7406    32.5525          1     17.066  0.000e+00
    23.6977     11.623   41.13684  -71.65140    252.834     8.0906      8.086    16.7398    32.5533          1     16.991  0.000e+00
    23.6984     11.578   41.13684  -71.65140    252.845     8.0909      8.081    16.7382    32.5537          1     16.925  0.000e+00
    23.6988     11.636   41.13684  -71.65140    252.851     8.0911      8.086    16.7371    32.5540          1     17.009  0.000e+00
    23.6991     11.623   41.13684  -71.65140    252.978     8.0952      8.086    16.7365    32.5541          1     16.991  0.000e+00
    23.6993     11.623   41.13684  -71.65140    252.978     8.0952      8.086    16.7364    32.5544          1     16.991  0.000e+00
    23.6990     11.623   41.13684  -71.65140    252.972     8.0950      8.086    16.7366    32.5541          1     16.991  0.000e+00
    23.6994     11.636   41.13684  -71.65140    252.977     8.0952      8.081    16.7361    32.5544          1     17.009  0.000e+00
    23.6997     11.623   41.13684  -71.65140    252.976     8.0951      8.081    16.7356    32.5546          1     16.991  0.000e+00
    23.6999     11.675   41.13684  -71.65140    252.975     8.0951      8.086    16.7346    32.5546          1     17.066  0.000e+00
    23.7005     11.675   41.13684  -71.65140    253.094     8.0989      8.086    16.7339    32.5551          1     17.066  0.000e+00
    23.7010     11.636   41.13684  -71.65140    253.088     8.0987      8.086    16.7334    32.5557          1     17.009  0.000e+00
    23.7008     11.675   41.13684  -71.65140    253.209     8.1026      8.086    16.7330    32.5552          1     17.066  0.000e+00
    23.7013     11.675   41.13684  -71.65140    253.074     8.0983      8.086    16.7325    32.5558          1     17.066  0.000e+00
    23.7012     11.675   41.13684  -71.65140    253.191     8.1020      8.086    16.7328    32.5557          1     17.066  0.000e+00
    23.7013     11.681   41.13684  -71.65140    253.188     8.1019      8.077    16.7325    32.5558          1     17.075  0.000e+00
    23.7008     11.720   41.13684  -71.65140    253.190     8.1020      8.081    16.7330    32.5553          1     17.131  0.000e+00
    23.7004     11.675   41.13684  -71.65140    253.183     8.1017      8.086    16.7337    32.5549          1     17.066  0.000e+00
    23.7000     11.720   41.13684  -71.65140    253.157     8.1009      8.086    16.7349    32.5548          1     17.131  0.000e+00
    23.6994     11.732   41.13684  -71.65140    253.135     8.1002      8.081    16.7365    32.5545          1     17.150  0.000e+00
    23.6989     11.720   41.13684  -71.65140    253.127     8.0999      8.086    16.7370    32.5540          1     17.131  0.000e+00
    23.6988     11.720   41.13684  -71.65140    253.116     8.0996      8.086    16.7371    32.5539          1     17.131  0.000e+00
