cruise2/ctd/proc/ORIG5v0.cnv
* Sea-Bird SBE 9 Data File:
* FileName = C:\Users\Tech\Documents\DataFiles\SBE 9\ORIG5.hex
* Software Version Seasave V 7.26.7.107
* Temperature SN = 2735
* Conductivity SN = 2257
* Number of Bytes Per Scan = 44
* Number of Voltage Words = 4
* Number of Scans Averaged by the Deck Unit = 1
* NMEA Latitude = 41 08.25 N
* NMEA Longitude = 071 39.13 W
* NMEA UTC (Time) = Oct 12 2022  20:01:41
* NMEA baud rate = 4800
# nquan = 12
# nvalues = 7267                                  
# units = specified
# name 0 = sigma-t00: Density [sigma-t, kg/m^3 ]
# name 1 = depSM: Depth [salt water, m]
# name 2 = latitude: Latitude [deg]
# name 3 = longitude: Longitude [deg]
# name 4 = sbeox0Mm/L: Oxygen, SBE 43 [umol/l]
# name 5 = sbeox0Mg/L: Oxygen, SBE 43 [mg/l]
# name 6 = ph: pH
# name 7 = t090C: Temperature [ITS-90, deg C]
# name 8 = sal00: Salinity, Practical [PSU]
# name 9 = nbf: Bottles Fired
# name 10 = prDE: Pressure, Digiquartz [psi]
# name 11 = flag:  0.000e+00
# span 0 =    23.3570,    23.7248                 
# span 1 =      1.406,     11.967                 
# span 2 =   41.13588,   41.13746                 
# span 3 =  -71.65220,  -71.65020                 
# span 4 =    248.838,    270.064                 
# span 5 =     7.9627,     8.6419                 
# span 6 =      8.068,      8.130                 
# span 7 =    16.6800,    17.2662                 
# span 8 =    32.2633,    32.5709                 
# span 9 =          0,          7                 
# span 10 =      2.055,     17.493                
# span 11 = 0.0000e+00, 0.0000e+00                
# interval = seconds: 0.0416667
# start_time = Oct 12 2022 20:01:45 [System UTC, header]
# bad_flag = -9.990e-29
*END*
[from data line 6376]
    23.3599      1.767   41.13606  -71.65046    269.917     8.6372      8.120    17.2594    32.2708          6      2.583  0.000e+00
    23.3595      1.812   41.13606  -71.65046    269.887     8.6363      8.120    17.2592    32.2703          6      2.649  0.000e+00
    23.3597      1.812   41.13606  -71.65046    269.863     8.6355      8.120    17.2589    32.2704          6      2.649  0.000e+00
    23.3599      1.812   41.13606  -71.65046    269.822     8.6342      8.120    17.2586    32.2706          6      2.649  0.000e+00
    23.3601      1.767   41.13606  -71.65046    269.645     8.6285      8.120    17.2584    32.2708          6      2.583  0.000e+00
    23.3604      1.812   41.13606  -71.65046    269.711     8.6306      8.120    17.2582    32.2711          6      2.649  0.000e+00
    23.3598      1.812   41.13606  -71.65046    269.536     8.6250      8.120    17.2587    32.2704          6      2.649  0.000e+00
    23.3599      1.812   41.13606  -71.65046    269.603     8.6272      8.120    17.2587    32.2707          6      2.649  0.000e+00
    23.3597      1.812   41.13606  -71.65046    269.419     8.6213      8.120    17.2591    32.2705          6      2.649  0.000e+00
    23.3599      1.812   41.13606  -71.65046    269.363     8.6195      8.120    17.2589    32.2707          6      2.649  0.000e+00
    23.3598      1.812   41.13606  -71.65046    269.172     8.6134      8.120    17.2592    32.2706          6      2.649  0.000e+00
    23.3594      1.812   41.13606  -71.65046    269.097     8.6110      8.120    17.2592    32.2702          6      2.649  0.000e+00
    23.3608      1.812   41.13606  -71.65046    268.902     8.6047      8.125    17.2568    32.2713          6      2.649  0.000e+00
    23.3619      1.812   41.13606  -71.65046    268.963     8.6067      8.121    17.2543    32.2718          6      2.649  0.000e+00
    23.3622      1.812   41.13606  -71.65046    268.899     8.6047      8.121    17.2529    32.2719          6      2.649  0.000e+00
    23.3613      1.863   41.13606  -71.65046    268.817     8.6020      8.121    17.2548    32.2713          6      2.724  0.000e+00
    23.3615      1.812   41.13606  -71.65046    268.612     8.5955      8.120    17.2565    32.2720          6      2.649  0.000e+00
    23.3614      1.863   41.13606  -71.65046    268.525     8.5927      8.120    17.2584    32.2725          6      2.724  0.000e+00
    23.3609      1.812   41.13606  -71.65046    268.452     8.5903      8.120    17.2594    32.2722          6      2.649  0.000e+00
    23.3604      1.863   41.13606  -71.65046    268.256     8.5841      8.120    17.2600    32.2717          6      2.724  0.000e+00
    23.3604      1.812   41.13606  -71.65046    268.186     8.5818      8.120    17.2601    32.2717          6      2.649  0.000e+00
    23.3604      1.863   41.13606  -71.65046    268.108     8.5793      8.120    17.2600    32.2717          6      2.724  0.000e+00
    23.3603      1.812   41.13606  -71.65046    268.040     8.5771      8.120    17.2599    32.2715          6      2.649  0.000e+00
    23.3605      1.863   41.13606  -71.65046    267.988     8.5755      8.120    17.2596    32.2717          6      2.724  0.000e+00
    23.3610      1.812   41.13606  -71.65046    267.920     8.5733      8.125    17.2592    32.2722          6      2.649  0.000e+00
    23.3607      1.863   41.13606  -71.65044    267.865     8.5716      8.120    17.2596    32.2720          6      2.724  0.000e+00
    23.3605      1.857   41.13606  -71.65044    267.813     8.5699      8.120    17.2594    32.2716          6      2.714  0.000e+00
    23.3605      1.812   41.13606  -71.65044    267.771     8.5685      8.125    17.2594    32.2716          6      2.649  0.000e+00
    23.3605      1.857   41.13606  -71.65044    267.618     8.5637      8.120    17.2592    32.2716          6      2.714  0.000e+00
    23.3604      1.812   41.13606  -71.65044    267.566     8.5620      8.120    17.2594    32.2715          6      2.649  0.000e+00
    23.3604      1.812   41.13606  -71.65044    267.657     8.5649      8.120    17.2596    32.2715          6      2.649  0.000e+00
    23.3605      1.863   41.13606  -71.65044    267.623     8.5638      8.120    17.2598    32.2718          6      2.724  0.000e+00
    23.3608      1.812   41.13606  -71.65044    267.603     8.5632      8.120    17.2592    32.2720          6      2.649  0.000e+00
    23.3613      1.812   41.13606  -71.65044    267.587     8.5627      8.120    17.2586    32.2724          6      2.649  0.000e+00
    23.3611      1.812   41.13606  -71.65044    267.698     8.5662      8.125    17.2584    32.2721          6      2.649  0.000e+00
    23.3608      1.812   41.13606  -71.65044    267.704     8.5664      8.125    17.2589    32.2718          6      2.649  0.000e+00
    23.3604      1.812   41.13606  -71.65044    267.708     8.5665      8.120    17.2599    32.2716          6      2.649  0.000e+00
    23.3604      1.767   41.13606  -71.65044    267.719     8.5669      8.120    17.2598    32.2716          6      2.583  0.000e+00
    23.3605      1.812   41.13606  -71.65044    267.734     8.5674      8.130    17.2596    32.2717          6      2.649  0.000e+00
    23.3604      1.812   41.13606  -71.65044    267.762     8.5683      8.120    17.2594    32.2716          6      2.649  0.000e+00
    23.3603      1.767   41.13606  -71.65044    267.766     8.5684      8.120    17.2592    32.2713          6      2.583  0.000e+00
    23.3612      1.812   41.13606  -71.65044    267.792     8.5692      8.120    17.2577    32.2721          6      2.649  0.000e+00
    23.3616      1.767   41.13606  -71.65044    267.815     8.5700      8.120    17.2567    32.2723          6      2.583  0.000e+00
    23.3614      1.767   41.13606  -71.65044    267.834     8.5706      8.120    17.2570    32.2721          6      2.583  0.000e+00
    23.3612      1.767   41.13606  -71.65044    267.854     8.5712      8.120    17.2573    32.2719          6      2.583  0.000e+00
    23.3608      1.767   41.13606  -71.65044    267.879     8.5720      8.120    17.2572    32.2713          6      2.583  0.000e+00
    23.3603      1.812   41.13606  -71.65044    267.916     8.5732      8.120    17.2577    32.2709          6      2.649  0.000e+00
    23.3601      1.722   41.13606  -71.65044    267.950     8.5743      8.120    17.2582    32.2707          6      2.517  0.000e+00
    23.3602      1.767   41.13606  -71.65044    267.993     8.5757      8.120    17.2582    32.2709          6      2.583  0.000e+00
    23.3602      1.767   41.13604  -71.65044    268.026     8.5767      8.120    17.2580    32.2708          6      2.583  0.000e+00
    23.3603      1.671   41.13604  -71.65044    268.055     8.5776      8.120    17.2580    32.2710          6      2.442  0.000e+00
    23.3611      1.812   41.13604  -71.65044    268.227     8.5831      8.120    17.2570    32.2716          6      2.649  0.000e+00
    23.3613      1.722   41.13604  -71.65044    268.148     8.5806      8.125    17.2560    32.2717          6      2.517  0.000e+00
    23.3613      1.767   41.13604  -71.65044    268.302     8.5855      8.121    17.2560    32.2717          6      2.583  0.000e+00
    23.3613      1.722   41.13604  -71.65044    268.351     8.5871      8.121    17.2558    32.2716          6      2.517  0.000e+00
    23.3613      1.716   41.13604  -71.65044    268.389     8.5883      8.121    17.2558    32.2715          6      2.508  0.000e+00
    23.3613      1.767   41.13604  -71.65044    268.314     8.5859      8.121    17.2556    32.2715          6      2.583  0.000e+00
    23.3613      1.716   41.13604  -71.65044    268.342     8.5868      8.121    17.2553    32.2715          6      2.508  0.000e+00
    23.3616      1.722   41.13604  -71.65044    268.373     8.5878      8.121    17.2549    32.2717          6      2.517  0.000e+00
    23.3620      1.716   41.13604  -71.65044    268.392     8.5884      8.125    17.2544    32.2721          6      2.508  0.000e+00
    23.3622      1.767   41.13604  -71.65044    268.411     8.5890      8.121    17.2543    32.2722          6      2.583  0.000e+00
    23.3620      1.716   41.13604  -71.65044    268.413     8.5891      8.125    17.2546    32.2721          6      2.508  0.000e+00
    23.3614      1.722   41.13604  -71.65044    268.300     8.5855      8.121    17.2553    32.2716          6      2.517  0.000e+00
    23.3617      1.716   41.13604  -71.65044    268.306     8.5857      8.121    17.2553    32.2719          6      2.508  0.000e+00
    23.3618      1.767   41.13604  -71.65044    268.313     8.5859      8.116    17.2556    32.2722          6      2.583  0.000e+00
    23.3613      1.716   41.13604  -71.65044    268.178     8.5816      8.125    17.2560    32.2716          6      2.508  0.000e+00
    23.3614      1.767   41.13604  -71.65044    268.163     8.5811      8.120    17.2561    32.2718          6      2.583  0.000e+00
    23.3615      1.767   41.13604  -71.65044    268.149     8.5807      8.121    17.2560    32.2718          6      2.583  0.000e+00
    23.3617      1.722   41.13604  -71.65044    268.123     8.5798      8.121    17.2556    32.2721          6      2.517  0.000e+00
    23.3620      1.767   41.13604  -71.65044    267.971     8.5749      8.121    17.2556    32.2724          6      2.583  0.000e+00
    23.3614      1.767   41.13604  -71.65044    267.932     8.5737      8.120    17.2561    32.2717          6      2.583  0.000e+00
    23.3613      1.767   41.13604  -71.65044    267.768     8.5684      8.120    17.2563    32.2717          6      2.583  0.000e+00
    23.3607      1.812   41.13604  -71.65044    267.850     8.5711      8.120    17.2567    32.2710          6      2.649  0.000e+00
    23.3609      1.767   41.13604  -71.65044    267.687     8.5659      8.120    17.2567    32.2714          6      2.583  0.000e+00
    23.3611      1.812   41.13604  -71.65044    267.516     8.5604      8.120    17.2567    32.2715          6      2.649  0.000e+00
    23.3611      1.812   41.13604  -71.65044    267.589     8.5627      8.120    17.2568    32.2716          6      2.649  0.000e+00
    23.3607      1.812   41.13604  -71.65044    267.548     8.5614      8.120    17.2570    32.2712          6      2.649  0.000e+00
    23.3606      1.857   41.13604  -71.65044    267.369     8.5557      8.120    17.2572    32.2710          6      2.714  0.000e+00
    23.3606      1.812   41.13604  -71.65044    267.304     8.5536      8.120    17.2574    32.2712          6      2.649  0.000e+00
    23.3607      1.857   41.13604  -71.65044    267.258     8.5521      8.120    17.2574    32.2713          6      2.714  0.000e+00
    23.3606      1.863   41.13604  -71.65044    267.339     8.5547      8.120    17.2577    32.2712          6      2.724  0.000e+00
    23.3606      1.857   41.13604  -71.65044    267.177     8.5495      8.116    17.2579    32.2713          6      2.714  0.000e+00
    23.3604      1.863   41.13604  -71.65044    267.262     8.5523      8.130    17.2580    32.2711          6      2.724  0.000e+00
    23.3606      1.857   41.13604  -71.65044    267.246     8.5518      8.120    17.2580    32.2714          6      2.714  0.000e+00
    23.3604      1.908   41.13604  -71.65044    267.105     8.5472      8.120    17.2582    32.2712          6      2.789  0.000e+00
    23.3605      1.857   41.13604  -71.65044    267.079     8.5464      8.120    17.2584    32.2713          6      2.714  0.000e+00
    23.3601      1.908   41.13604  -71.65044    267.061     8.5458      8.120    17.2582    32.2708          6      2.789  0.000e+00
    23.3604      1.908   41.13604  -71.65044    267.173     8.5494      8.120    17.2579    32.2710          6      2.789  0.000e+00
    23.3605      1.863   41.13604  -71.65044    267.038     8.5451      8.120    17.2580    32.2712          6      2.724  0.000e+00
    23.3604      1.908   41.13604  -71.65044    267.155     8.5488      8.120    17.2579    32.2710          6      2.789  0.000e+00
    23.3604      1.908   41.13604  -71.65044    267.154     8.5488      8.120    17.2580    32.2711          6      2.789  0.000e+00
    23.3605      1.908   41.13604  -71.65044    267.157     8.5489      8.120    17.2580    32.2712          6      2.789  0.000e+00
    23.3605      1.908   41.13604  -71.65044    267.163     8.5491      8.120    17.2577    32.2711          6      2.789  0.000e+00
    23.3601      1.908   41.13604  -71.65044    267.041     8.5452      8.120    17.2580    32.2707          6      2.789  0.000e+00
    23.3601      1.953   41.13604  -71.65044    267.166     8.5492      8.120    17.2582    32.2707          6      2.855  0.000e+00
    23.3603      1.908   41.13604  -71.65044    267.176     8.5495      8.120    17.2580    32.2710          6      2.789  0.000e+00
    23.3605      1.908   41.13604  -71.65044    267.062     8.5459      8.120    17.2579    32.2711          6      2.789  0.000e+00
    23.3606      1.908   41.13604  -71.65042    267.066     8.5460      8.120    17.2579    32.2713          6      2.789  0.000e+00
    23.3605      1.908   41.13604  -71.65042    267.200     8.5503      8.120    17.2579    32.2711          6      2.789  0.000e+00
    23.3606      1.953   41.13604  -71.65042    267.095     8.5469      8.120    17.2577    32.2713          6      2.855  0.000e+00
    23.3607      1.908   41.13604  -71.65042    267.118     8.5477      8.120    17.2574    32.2713          6      2.789  0.000e+00
    23.3608      1.908   41.13604  -71.65042    267.261     8.5522      8.120    17.2572    32.2714          6      2.789  0.000e+00
    23.3609      1.908   41.13604  -71.65042    267.176     8.5495      8.125    17.2568    32.2714          6      2.789  0.000e+00
    23.3609      1.908   41.13604  -71.65042    267.206     8.5505      8.120    17.2570    32.2714          6      2.789  0.000e+00
    23.3607      1.953   41.13604  -71.65042    267.243     8.5517      8.125    17.2570    32.2711          6      2.855  0.000e+00
    23.3609      1.908   41.13604  -71.65042    267.265     8.5524      8.120    17.2572    32.2714          6      2.789  0.000e+00
    23.3610      1.908   41.13604  -71.65042    267.294     8.5533      8.120    17.2568    32.2715          6      2.789  0.000e+00
    23.3607      1.908   41.13604  -71.65042    267.451     8.5583      8.116    17.2572    32.2713          6      2.789  0.000e+00
    23.3610      1.908   41.13604  -71.65042    267.496     8.5597      8.125    17.2570    32.2715          6      2.789  0.000e+00
    23.3611      1.953   41.13604  -71.65042    267.545     8.5613      8.125    17.2568    32.2716          6      2.855  0.000e+00
    23.3608      1.908   41.13604  -71.65042    267.590     8.5628      8.120    17.2572    32.2714          6      2.789  0.000e+00
    23.3606      1.908   41.13604  -71.65042    267.499     8.5599      8.120    17.2573    32.2711          6      2.789  0.000e+00
    23.3610      1.908   41.13604  -71.65042    267.655     8.5648      8.120    17.2572    32.2716          6      2.789  0.000e+00
    23.3609      1.908   41.13604  -71.65042    267.695     8.5661      8.120    17.2574    32.2715          6      2.789  0.000e+00
    23.3609      1.908   41.13604  -71.65042    267.726     8.5671      8.120    17.2572    32.2714          6      2.789  0.000e+00
    23.3607      1.908   41.13604  -71.65042    267.757     8.5681      8.120    17.2574    32.2712          6      2.789  0.000e+00
    23.3607      1.908   41.13604  -71.65042    267.917     8.5732      8.120    17.2574    32.2712          6      2.789  0.000e+00
    23.3607      1.908   41.13604  -71.65042    267.962     8.5747      8.120    17.2574    32.2712          6      2.789  0.000e+00
    23.3608      1.908   41.13604  -71.65042    267.996     8.5758      8.120    17.2570    32.2713          6      2.789  0.000e+00
    23.3608      1.908   41.13604  -71.65042    268.028     8.5768      8.120    17.2572    32.2713          6      2.789  0.000e+00
