cruise2/ctd/proc/ORIG5v0.cnv
* Sea-Bird SBE 9 Data File:
* FileName = C:\Users\Tech\Documents\DataFiles\SBE 9\ORIG5.hex
* Software Version Seasave V 7.26.7.107
* Temperature SN = 2735
* Conductivity SN = 2257
* Number of Bytes Per Scan = 44
* Number of Voltage Words = 4
* Number of Scans Averaged by the Deck Unit = 1
* NMEA Latitude = 41 08.25 N
* NMEA Longitude = 071 39.13 W
* NMEA UTC (Time) = Oct 12 2022  20:01:41
* NMEA baud rate = 4800
# nquan = 12
# nvalues = 7267                                  
# units = specified
# name 0 = sigma-t00: Density [sigma-t, kg/m^3 ]
# name 1 = depSM: Depth [salt water, m]
# name 2 = latitude: Latitude [deg]
# name 3 = longitude: Longitude [deg]
# name 4 = sbeox0Mm/L: Oxygen, SBE 43 [umol/l]
# name 5 = sbeox0Mg/L: Oxygen, SBE 43 [mg/l]
# name 6 = ph: pH
# name 7 = t090C: Temperature [ITS-90, deg C]
# name 8 = sal00: Salinity, Practical [PSU]
# name 9 = nbf: Bottles Fired
# name 10 = prDE: Pressure, Digiquartz [psi]
# name 11 = flag:  0.000e+00
# span 0 =    23.3570,    23.7248                 
# span 1 =      1.406,     11.967                 
# span 2 =   41.13588,   41.13746                 
# span 3 =  -71.65220,  -71.65020                 
# span 4 =    248.838,    270.064                 
# span 5 =     7.9627,     8.6419                 
# span 6 =      8.068,      8.130                 
# span 7 =    16.6800,    17.2662                 
# span 8 =    32.2633,    32.5709                 
# span 9 =          0,          7                 
# span 10 =      2.055,     17.493                
# span 11 = 0.0000e+00, 0.0000e+00                
# interval = seconds: 0.0416667
# start_time = Oct 12 2022 20:01:45 [System UTC, header]
# bad_flag = -9.990e-29
*END*
[from data line 121]
    23.5023      1.547   41.13742  -71.65216    263.732     8.4393      8.112    17.0282    32.3859          0      2.262  0.000e+00
    23.5078      1.547   41.13742  -71.65216    263.768     8.4404      8.112    17.0213    32.3909          0      2.262  0.000e+00
    23.5089      1.502   41.13742  -71.65216    263.916     8.4452      8.117    17.0203    32.3921          0      2.196  0.000e+00
    23.5030      1.547   41.13742  -71.65216    263.907     8.4449      8.112    17.0288    32.3870          0      2.262  0.000e+00
    23.4992      1.502   41.13742  -71.65216    263.781     8.4409      8.112    17.0340    32.3836          0      2.196  0.000e+00
    23.4978      1.502   41.13742  -71.65216    263.660     8.4370      8.112    17.0358    32.3823          0      2.196  0.000e+00
    23.4974      1.502   41.13742  -71.65216    263.794     8.4413      8.117    17.0358    32.3818          0      2.196  0.000e+00
    23.4962      1.502   41.13742  -71.65216    263.673     8.4374      8.112    17.0377    32.3809          0      2.196  0.000e+00
    23.4944      1.502   41.13742  -71.65216    263.663     8.4371      8.112    17.0406    32.3794          0      2.196  0.000e+00
    23.4927      1.502   41.13742  -71.65216    263.528     8.4328      8.112    17.0430    32.3779          0      2.196  0.000e+00
    23.4916      1.458   41.13742  -71.65216    263.511     8.4322      8.117    17.0449    32.3770          0      2.130  0.000e+00
    23.4906      1.502   41.13742  -71.65216    263.500     8.4319      8.112    17.0464    32.3761          0      2.196  0.000e+00
    23.4904      1.458   41.13742  -71.65216    263.508     8.4321      8.112    17.0465    32.3760          0      2.130  0.000e+00
    23.4904      1.502   41.13742  -71.65216    263.376     8.4279      8.117    17.0468    32.3761          0      2.196  0.000e+00
    23.4900      1.458   41.13742  -71.65216    263.345     8.4269      8.112    17.0474    32.3758          0      2.130  0.000e+00
    23.4883      1.458   41.13742  -71.65216    263.307     8.4257      8.117    17.0501    32.3744          0      2.130  0.000e+00
    23.4850      1.458   41.13742  -71.65216    263.263     8.4243      8.117    17.0544    32.3713          0      2.130  0.000e+00
    23.4841      1.458   41.13742  -71.65216    262.963     8.4147      8.112    17.0558    32.3706          0      2.130  0.000e+00
    23.4848      1.458   41.13742  -71.65216    262.907     8.4129      8.117    17.0551    32.3713          0      2.130  0.000e+00
    23.4866      1.406   41.13742  -71.65216    262.869     8.4117      8.117    17.0529    32.3729          0      2.055  0.000e+00
    23.4868      1.458   41.13742  -71.65216    262.834     8.4106      8.098    17.0519    32.3730          0      2.130  0.000e+00
    23.4862      1.458   41.13742  -71.65216    262.667     8.4052      8.112    17.0516    32.3721          0      2.130  0.000e+00
    23.4902      1.458   41.13742  -71.65216    262.632     8.4041      8.108    17.0456    32.3754          0      2.130  0.000e+00
    23.4953      1.406   41.13742  -71.65216    262.731     8.4073      8.117    17.0384    32.3799          0      2.055  0.000e+00
    23.4966      1.458   41.13742  -71.65216    262.693     8.4061      8.121    17.0366    32.3810          0      2.130  0.000e+00
    23.4949      1.406   41.13742  -71.65216    262.647     8.4046      8.112    17.0390    32.3795          0      2.055  0.000e+00
    23.4931      1.458   41.13742  -71.65216    262.606     8.4033      8.112    17.0416    32.3781          0      2.130  0.000e+00
    23.4918      1.458   41.13742  -71.65216    262.551     8.4015      8.112    17.0442    32.3771          0      2.130  0.000e+00
    23.4911      1.406   41.13742  -71.65216    262.502     8.4000      8.117    17.0456    32.3766          0      2.055  0.000e+00
    23.4918      1.458   41.13742  -71.65216    262.470     8.3989      8.112    17.0445    32.3772          0      2.130  0.000e+00
    23.4927      1.406   41.13742  -71.65216    262.311     8.3938      8.108    17.0428    32.3778          0      2.055  0.000e+00
    23.4933      1.458   41.13742  -71.65216    262.269     8.3925      8.112    17.0419    32.3783          0      2.130  0.000e+00
    23.4922      1.458   41.13742  -71.65216    262.214     8.3907      8.117    17.0439    32.3775          0      2.130  0.000e+00
    23.4908      1.458   41.13742  -71.65216    262.177     8.3896      8.112    17.0454    32.3762          0      2.130  0.000e+00
    23.4902      1.458   41.13742  -71.65216    262.145     8.3885      8.117    17.0463    32.3757          0      2.130  0.000e+00
    23.4906      1.458   41.13742  -71.65216    262.120     8.3877      8.112    17.0461    32.3761          0      2.130  0.000e+00
    23.4912      1.458   41.13742  -71.65216    262.116     8.3876      8.117    17.0450    32.3765          0      2.130  0.000e+00
    23.4921      1.458   41.13742  -71.65216    262.231     8.3913      8.117    17.0437    32.3773          0      2.130  0.000e+00
    23.4921      1.502   41.13742  -71.65216    262.114     8.3875      8.112    17.0433    32.3772          0      2.196  0.000e+00
    23.4921      1.502   41.13742  -71.65216    262.110     8.3874      8.117    17.0437    32.3773          0      2.196  0.000e+00
    23.4918      1.502   41.13742  -71.65214    262.095     8.3869      8.117    17.0444    32.3771          0      2.196  0.000e+00
    23.4906      1.547   41.13742  -71.65214    262.080     8.3864      8.117    17.0461    32.3761          0      2.262  0.000e+00
    23.4927      1.502   41.13742  -71.65214    261.973     8.3830      8.117    17.0427    32.3778          0      2.196  0.000e+00
    23.4976      1.547   41.13742  -71.65214    261.887     8.3803      8.112    17.0337    32.3814          0      2.262  0.000e+00
    23.5028      1.547   41.13742  -71.65214    262.049     8.3855      8.112    17.0247    32.3855          0      2.262  0.000e+00
    23.5049      1.547   41.13742  -71.65214    261.948     8.3822      8.117    17.0204    32.3869          0      2.262  0.000e+00
    23.5071      1.592   41.13742  -71.65214    261.965     8.3828      8.112    17.0166    32.3886          0      2.327  0.000e+00
    23.5086      1.599   41.13742  -71.65214    261.996     8.3838      8.117    17.0134    32.3897          0      2.337  0.000e+00
    23.5107      1.547   41.13742  -71.65214    261.900     8.3807      8.117    17.0101    32.3914          0      2.262  0.000e+00
    23.5143      1.599   41.13742  -71.65214    261.927     8.3816      8.117    17.0044    32.3944          0      2.337  0.000e+00
    23.5199      1.644   41.13742  -71.65214    261.967     8.3828      8.117    16.9969    32.3993          0      2.402  0.000e+00
    23.5214      1.599   41.13742  -71.65214    261.993     8.3836      8.117    16.9953    32.4008          0      2.337  0.000e+00
    23.5208      1.644   41.13742  -71.65214    261.891     8.3804      8.112    16.9957    32.4001          0      2.402  0.000e+00
    23.5205      1.599   41.13742  -71.65214    261.897     8.3806      8.117    16.9957    32.3998          0      2.337  0.000e+00
    23.5203      1.644   41.13742  -71.65214    261.896     8.3806      8.117    16.9959    32.3995          0      2.402  0.000e+00
    23.5200      1.644   41.13742  -71.65214    261.912     8.3811      8.117    16.9962    32.3993          0      2.402  0.000e+00
    23.5209      1.644   41.13742  -71.65214    261.796     8.3774      8.112    16.9951    32.4001          0      2.402  0.000e+00
    23.5226      1.644   41.13742  -71.65214    261.807     8.3777      8.112    16.9929    32.4017          0      2.402  0.000e+00
    23.5235      1.644   41.13742  -71.65214    261.806     8.3777      8.112    16.9919    32.4024          0      2.402  0.000e+00
    23.5202      1.688   41.13742  -71.65214    261.789     8.3771      8.112    16.9958    32.3993          0      2.468  0.000e+00
    23.5128      1.644   41.13742  -71.65214    261.618     8.3717      8.112    17.0055    32.3927          0      2.402  0.000e+00
    23.5124      1.644   41.13742  -71.65214    261.605     8.3712      8.112    17.0072    32.3926          0      2.402  0.000e+00
    23.5142      1.688   41.13742  -71.65214    261.598     8.3710      8.117    17.0060    32.3946          0      2.468  0.000e+00
    23.5129      1.644   41.13742  -71.65214    261.579     8.3704      8.117    17.0081    32.3936          0      2.402  0.000e+00
    23.5112      1.688   41.13740  -71.65214    261.557     8.3697      8.121    17.0122    32.3926          0      2.468  0.000e+00
    23.5064      1.644   41.13740  -71.65214    261.389     8.3643      8.117    17.0204    32.3888          0      2.402  0.000e+00
    23.4994      1.688   41.13740  -71.65214    261.434     8.3658      8.117    17.0318    32.3832          0      2.468  0.000e+00
    23.4950      1.644   41.13740  -71.65214    261.385     8.3642      8.117    17.0387    32.3796          0      2.402  0.000e+00
    23.4945      1.644   41.13740  -71.65214    261.370     8.3637      8.117    17.0396    32.3792          0      2.402  0.000e+00
    23.4940      1.644   41.13740  -71.65214    261.105     8.3552      8.117    17.0397    32.3786          0      2.402  0.000e+00
    23.4948      1.688   41.13740  -71.65214    261.070     8.3541      8.112    17.0387    32.3792          0      2.468  0.000e+00
    23.4961      1.644   41.13740  -71.65214    261.171     8.3573      8.112    17.0365    32.3803          0      2.402  0.000e+00
    23.4989      1.547   41.13740  -71.65214    261.056     8.3537      8.112    17.0313    32.3824          0      2.262  0.000e+00
    23.5025      1.688   41.13740  -71.65214    261.079     8.3544      8.112    17.0244    32.3851          0      2.468  0.000e+00
    23.5046      1.644   41.13740  -71.65214    261.089     8.3547      8.112    17.0200    32.3865          0      2.402  0.000e+00
    23.5054      1.592   41.13740  -71.65214    261.090     8.3547      8.117    17.0184    32.3869          0      2.327  0.000e+00
    23.5070      1.599   41.13740  -71.65214    261.235     8.3594      8.112    17.0148    32.3880          0      2.337  0.000e+00
    23.5120      1.592   41.13740  -71.65214    261.278     8.3608      8.112    17.0084    32.3925          0      2.327  0.000e+00
    23.5082      1.599   41.13740  -71.65214    261.131     8.3561      8.117    17.0159    32.3898          0      2.337  0.000e+00
    23.5029      1.547   41.13740  -71.65214    261.343     8.3629      8.117    17.0249    32.3856          0      2.262  0.000e+00
    23.4993      1.599   41.13740  -71.65214    261.343     8.3629      8.112    17.0308    32.3827          0      2.337  0.000e+00
    23.4965      1.502   41.13740  -71.65214    261.344     8.3629      8.112    17.0360    32.3807          0      2.196  0.000e+00
    23.4942      1.547   41.13740  -71.65214    261.227     8.3592      8.112    17.0404    32.3790          0      2.262  0.000e+00
    23.4920      1.547   41.13740  -71.65214    261.234     8.3594      8.112    17.0440    32.3773          0      2.262  0.000e+00
    23.4898      1.502   41.13740  -71.65214    261.244     8.3597      8.112    17.0474    32.3755          0      2.196  0.000e+00
    23.4891      1.502   41.13740  -71.65214    261.394     8.3645      8.112    17.0492    32.3750          0      2.196  0.000e+00
    23.4885      1.502   41.13740  -71.65214    261.579     8.3704      8.117    17.0499    32.3745          0      2.196  0.000e+00
    23.4884      1.458   41.13740  -71.65214    261.640     8.3724      8.121    17.0500    32.3744          0      2.130  0.000e+00
    23.4884      1.502   41.13740  -71.65214    261.579     8.3704      8.112    17.0497    32.3743          0      2.196  0.000e+00
    23.4881      1.458   41.13740  -71.65214    261.759     8.3762      8.108    17.0502    32.3741          0      2.130  0.000e+00
    23.4877      1.458   41.13740  -71.65214    261.828     8.3784      8.117    17.0506    32.3736          0      2.130  0.000e+00
    23.4878      1.458   41.13740  -71.65214    262.016     8.3844      8.121    17.0506    32.3738          0      2.130  0.000e+00
    23.4877      1.458   41.13740  -71.65214    262.071     8.3862      8.112    17.0515    32.3740          0      2.130  0.000e+00
    23.4873      1.458   41.13740  -71.65214    262.145     8.3885      8.108    17.0519    32.3735          0      2.130  0.000e+00
    23.4868      1.406   41.13740  -71.65214    262.206     8.3905      8.117    17.0521    32.3730          0      2.055  0.000e+00
    23.4892      1.458   41.13740  -71.65214    262.156     8.3889      8.121    17.0493    32.3752          0      2.130  0.000e+00
    23.4891      1.406   41.13740  -71.65214    262.342     8.3948      8.117    17.0485    32.3749          0      2.055  0.000e+00
    23.4891      1.458   41.13740  -71.65214    262.270     8.3925      8.117    17.0483    32.3748          0      2.130  0.000e+00
    23.4884      1.406   41.13740  -71.65214    262.436     8.3978      8.117    17.0492    32.3742          0      2.055  0.000e+00
    23.4869      1.458   41.13740  -71.65214    262.481     8.3993      8.112    17.0518    32.3730          0      2.130  0.000e+00
    23.4846      1.406   41.13740  -71.65214    262.519     8.4005      8.112    17.0553    32.3711          0      2.055  0.000e+00
    23.4832      1.458   41.13740  -71.65214    262.555     8.4016      8.117    17.0573    32.3699          0      2.130  0.000e+00
    23.4819      1.406   41.13740  -71.65214    262.720     8.4069      8.112    17.0587    32.3686          0      2.055  0.000e+00
    23.4820      1.458   41.13740  -71.65214    262.775     8.4087      8.117    17.0592    32.3689          0      2.130  0.000e+00
    23.4815      1.458   41.13740  -71.65214    262.829     8.4104      8.112    17.0595    32.3683          0      2.130  0.000e+00
    23.4807      1.406   41.13740  -71.65214    262.864     8.4115      8.117    17.0606    32.3676          0      2.055  0.000e+00
    23.4799      1.458   41.13740  -71.65214    263.025     8.4167      8.112    17.0625    32.3671          0      2.130  0.000e+00
    23.4786      1.458   41.13740  -71.65214    263.064     8.4179      8.117    17.0651    32.3663          0      2.130  0.000e+00
    23.4773      1.458   41.13740  -71.65214    262.975     8.4151      8.117    17.0671    32.3651          0      2.130  0.000e+00
    23.4770      1.458   41.13740  -71.65214    263.124     8.4199      8.112    17.0678    32.3649          0      2.130  0.000e+00
    23.4764      1.458   41.13740  -71.65214    263.153     8.4208      8.117    17.0688    32.3645          0      2.130  0.000e+00
    23.4759      1.458   41.13740  -71.65212    263.055     8.4177      8.112    17.0692    32.3640          0      2.130  0.000e+00
    23.4763      1.458   41.13740  -71.65212    263.076     8.4183      8.112    17.0687    32.3643          0      2.130  0.000e+00
    23.4764      1.502   41.13740  -71.65212    263.096     8.4189      8.112    17.0683    32.3643          0      2.196  0.000e+00
    23.4769      1.458   41.13740  -71.65212    263.229     8.4232      8.112    17.0675    32.3647          0      2.130  0.000e+00
    23.4773      1.502   41.13740  -71.65212    263.260     8.4242      8.117    17.0666    32.3650          0      2.196  0.000e+00
    23.4781      1.502   41.13740  -71.65212    263.289     8.4251      8.108    17.0653    32.3657          0      2.196  0.000e+00
    23.4786      1.502   41.13740  -71.65212    263.443     8.4301      8.112    17.0644    32.3660          0      2.196  0.000e+00
    23.4812      1.502   41.13740  -71.65212    263.338     8.4267      8.117    17.0604    32.3682          0      2.196  0.000e+00
