cruise2/ctd/proc/sevenv0.cnv
* Sea-Bird SBE 9 Data File:
* FileName = C:\Users\Tech\Documents\DataFiles\SBE 9\seven.hex
* Software Version Seasave V 7.26.7.107
* Temperature SN = 2735
* Conductivity SN = 2257
* Number of Bytes Per Scan = 44
* Number of Voltage Words = 4
* Number of Scans Averaged by the Deck Unit = 1
* NMEA Latitude = 40 35.93 N
* NMEA Longitude = 070 59.92 W
* NMEA UTC (Time) = Oct 12 2022  09:49:43
* NMEA baud rate = 4800
# nquan = 12
# nvalues = 20222                                 
# units = specified
# name 0 = sigma-t00: Density [sigma-t, kg/m^3 ]
# name 1 = depSM: Depth [salt water, m]
# name 2 = latitude: Latitude [deg]
# name 3 = longitude: Longitude [deg]
# name 4 = sbeox0Mm/L: Oxygen, SBE 43 [umol/l]
# name 5 = sbeox0Mg/L: Oxygen, SBE 43 [mg/l]
# name 6 = ph: pH
# name 7 = t090C: Temperature [ITS-90, deg C]
# name 8 = sal00: Salinity, Practical [PSU]
# name 9 = nbf: Bottles Fired
# name 10 = prDE: Pressure, Digiquartz [psi]
# name 11 = flag:  0.000e+00
# span 0 =    24.1328,    25.3076                 
# span 1 =      1.040,     64.726                 
# span 2 =   40.59850,   40.59888                 
# span 3 =  -70.99874,  -70.99624                 
# span 4 =    187.049,    250.576                 
# span 5 =     5.9855,     8.0183                 
# span 6 =      7.894,      8.177                 
# span 7 =    12.0088,    16.7951                 
# span 8 =    33.0216,    33.3522                 
# span 9 =          0,         10                 
# span 10 =      1.519,     94.621                
# span 11 = 0.0000e+00, 0.0000e+00                
# interval = seconds: 0.0416667
# start_time = Oct 12 2022 09:49:45 [System UTC, header]
# bad_flag = -9.990e-29
*END*
[from data line 12512]
    25.1286     55.384   40.59870  -70.99716    198.391     6.3484      7.921    12.5457    33.2531          3     80.963  0.000e+00
    25.1295     55.429   40.59870  -70.99716    198.412     6.3491      7.921    12.5423    33.2535          3     81.029  0.000e+00
    25.1303     55.423   40.59870  -70.99716    198.435     6.3498      7.921    12.5410    33.2542          3     81.020  0.000e+00
    25.1308     55.384   40.59868  -70.99716    198.445     6.3501      7.921    12.5415    33.2550          3     80.963  0.000e+00
    25.1304     55.429   40.59868  -70.99716    198.597     6.3550      7.925    12.5428    33.2547          3     81.029  0.000e+00
    25.1315     55.384   40.59868  -70.99716    198.475     6.3511      7.921    12.5421    33.2560          3     80.963  0.000e+00
    25.1314     55.384   40.59868  -70.99716    198.440     6.3500      7.921    12.5460    33.2569          3     80.963  0.000e+00
    25.1293     55.384   40.59868  -70.99716    198.408     6.3490      7.925    12.5529    33.2559          3     80.963  0.000e+00
    25.1285     55.423   40.59868  -70.99716    198.517     6.3525      7.921    12.5562    33.2557          3     81.020  0.000e+00
    25.1282     55.384   40.59868  -70.99716    198.500     6.3519      7.921    12.5575    33.2556          3     80.963  0.000e+00
    25.1272     55.384   40.59868  -70.99716    198.494     6.3517      7.925    12.5594    33.2547          3     80.963  0.000e+00
    25.1295     55.384   40.59868  -70.99716    198.497     6.3518      7.921    12.5576    33.2573          3     80.963  0.000e+00
    25.1313     55.384   40.59868  -70.99716    198.502     6.3520      7.921    12.5547    33.2589          3     80.963  0.000e+00
    25.1318     55.378   40.59868  -70.99716    198.645     6.3566      7.921    12.5529    33.2591          3     80.954  0.000e+00
    25.1306     55.384   40.59868  -70.99716    198.340     6.3468      7.925    12.5564    33.2584          3     80.963  0.000e+00
    25.1272     55.333   40.59868  -70.99716    198.266     6.3444      7.921    12.5647    33.2561          3     80.888  0.000e+00
    25.1260     55.384   40.59868  -70.99716    198.213     6.3427      7.921    12.5680    33.2554          3     80.963  0.000e+00
    25.1235     55.384   40.59868  -70.99716    198.311     6.3459      7.925    12.5697    33.2526          3     80.963  0.000e+00
    25.1235     55.384   40.59868  -70.99716    198.288     6.3451      7.921    12.5682    33.2522          3     80.963  0.000e+00
    25.1251     55.378   40.59868  -70.99716    198.283     6.3450      7.921    12.5652    33.2535          3     80.954  0.000e+00
    25.1238     55.384   40.59868  -70.99716    198.249     6.3439      7.925    12.5648    33.2517          3     80.963  0.000e+00
    25.1244     55.333   40.59868  -70.99716    198.372     6.3478      7.925    12.5604    33.2514          3     80.888  0.000e+00
    25.1266     55.384   40.59868  -70.99716    198.389     6.3484      7.921    12.5539    33.2527          3     80.963  0.000e+00
    25.1272     55.384   40.59868  -70.99716    198.376     6.3480      7.925    12.5528    33.2531          3     80.963  0.000e+00
    25.1275     55.378   40.59868  -70.99716    198.348     6.3470      7.921    12.5541    33.2539          3     80.954  0.000e+00
    25.1276     55.384   40.59868  -70.99716    198.319     6.3461      7.921    12.5547    33.2541          3     80.963  0.000e+00
    25.1280     55.333   40.59868  -70.99716    198.289     6.3452      7.925    12.5544    33.2546          3     80.888  0.000e+00
    25.1279     55.384   40.59870  -70.99716    198.262     6.3443      7.925    12.5568    33.2551          3     80.963  0.000e+00
    25.1258     55.384   40.59870  -70.99716    198.197     6.3422      7.925    12.5630    33.2539          3     80.963  0.000e+00
    25.1225     55.384   40.59870  -70.99716    198.138     6.3403      7.925    12.5710    33.2517          3     80.963  0.000e+00
    25.1198     55.378   40.59870  -70.99716    197.929     6.3336      7.925    12.5792    33.2502          3     80.954  0.000e+00
    25.1183     55.384   40.59870  -70.99716    198.033     6.3370      7.925    12.5821    33.2490          3     80.963  0.000e+00
    25.1165     55.384   40.59870  -70.99716    198.020     6.3365      7.925    12.5822    33.2467          3     80.963  0.000e+00
    25.1182     55.333   40.59870  -70.99716    198.025     6.3367      7.925    12.5765    33.2475          3     80.888  0.000e+00
    25.1237     55.384   40.59870  -70.99716    198.046     6.3374      7.925    12.5665    33.2520          3     80.963  0.000e+00
    25.1254     55.378   40.59870  -70.99716    197.893     6.3325      7.925    12.5624    33.2531          3     80.954  0.000e+00
    25.1254     55.429   40.59870  -70.99716    198.005     6.3361      7.921    12.5608    33.2528          3     81.029  0.000e+00
    25.1257     55.384   40.59870  -70.99716    198.001     6.3360      7.925    12.5588    33.2527          3     80.963  0.000e+00
    25.1244     55.384   40.59870  -70.99716    197.979     6.3353      7.925    12.5610    33.2515          3     80.963  0.000e+00
    25.1231     55.384   40.59870  -70.99716    198.094     6.3389      7.925    12.5610    33.2499          3     80.963  0.000e+00
    25.1252     55.384   40.59870  -70.99716    197.971     6.3350      7.925    12.5553    33.2512          3     80.963  0.000e+00
    25.1261     55.378   40.59870  -70.99716    197.958     6.3346      7.925    12.5568    33.2527          3     80.954  0.000e+00
    25.1253     55.384   40.59870  -70.99716    197.919     6.3333      7.925    12.5640    33.2535          3     80.963  0.000e+00
    25.1202     55.384   40.59870  -70.99716    197.853     6.3312      7.921    12.5777    33.2503          3     80.963  0.000e+00
    25.1179     55.384   40.59870  -70.99716    197.662     6.3251      7.925    12.5861    33.2494          3     80.963  0.000e+00
    25.1174     55.429   40.59870  -70.99716    197.629     6.3240      7.925    12.5880    33.2493          3     81.029  0.000e+00
    25.1169     55.378   40.59870  -70.99716    197.749     6.3279      7.921    12.5877    33.2486          3     80.954  0.000e+00
    25.1169     55.384   40.59870  -70.99716    197.615     6.3236      7.925    12.5869    33.2483          3     80.963  0.000e+00
    25.1176     55.384   40.59870  -70.99716    197.767     6.3284      7.925    12.5835    33.2484          3     80.963  0.000e+00
    25.1176     55.384   40.59870  -70.99716    197.774     6.3287      7.930    12.5797    33.2474          3     80.963  0.000e+00
    25.1188     55.384   40.59870  -70.99716    197.784     6.3290      7.925    12.5746    33.2478          3     80.963  0.000e+00
    25.1214     55.384   40.59870  -70.99714    197.796     6.3294      7.925    12.5684    33.2495          3     80.963  0.000e+00
    25.1222     55.378   40.59870  -70.99714    197.942     6.3340      7.930    12.5650    33.2497          3     80.954  0.000e+00
    25.1227     55.384   40.59870  -70.99714    197.961     6.3346      7.925    12.5645    33.2502          3     80.963  0.000e+00
    25.1213     55.384   40.59870  -70.99714    197.937     6.3339      7.925    12.5694    33.2497          3     80.963  0.000e+00
    25.1205     55.384   40.59870  -70.99714    197.919     6.3333      7.911    12.5724    33.2493          3     80.963  0.000e+00
    25.1219     55.384   40.59870  -70.99714    198.075     6.3383      7.925    12.5685    33.2502          3     80.963  0.000e+00
    25.1234     55.326   40.59870  -70.99714    197.978     6.3352      7.925    12.5631    33.2508          3     80.879  0.000e+00
    25.1251     55.384   40.59870  -70.99714    198.013     6.3363      7.925    12.5572    33.2515          3     80.963  0.000e+00
    25.1271     55.333   40.59870  -70.99714    198.034     6.3370      7.925    12.5531    33.2531          3     80.888  0.000e+00
    25.1280     55.333   40.59870  -70.99714    198.186     6.3419      7.925    12.5524    33.2541          3     80.888  0.000e+00
    25.1278     55.333   40.59870  -70.99714    198.052     6.3376      7.925    12.5539    33.2541          3     80.888  0.000e+00
    25.1264     55.384   40.59870  -70.99714    198.205     6.3425      7.925    12.5570    33.2531          3     80.963  0.000e+00
    25.1254     55.326   40.59870  -70.99714    198.200     6.3423      7.925    12.5578    33.2521          3     80.879  0.000e+00
    25.1263     55.333   40.59870  -70.99714    198.209     6.3426      7.925    12.5548    33.2524          3     80.888  0.000e+00
    25.1275     55.288   40.59870  -70.99714    198.205     6.3425      7.925    12.5536    33.2537          3     80.823  0.000e+00
    25.1267     55.333   40.59870  -70.99714    198.357     6.3473      7.925    12.5545    33.2529          3     80.888  0.000e+00
    25.1264     55.333   40.59870  -70.99714    198.237     6.3435      7.925    12.5537    33.2523          3     80.888  0.000e+00
    25.1270     55.281   40.59870  -70.99714    198.397     6.3486      7.925    12.5511    33.2525          3     80.813  0.000e+00
    25.1278     55.333   40.59870  -70.99714    198.424     6.3495      7.921    12.5490    33.2529          3     80.888  0.000e+00
    25.1285     55.288   40.59870  -70.99714    198.461     6.3507      7.925    12.5475    33.2535          3     80.823  0.000e+00
    25.1289     55.288   40.59870  -70.99714    198.493     6.3517      7.925    12.5470    33.2539          3     80.823  0.000e+00
    25.1281     55.288   40.59870  -70.99714    198.379     6.3480      7.935    12.5463    33.2527          3     80.823  0.000e+00
    25.1289     55.281   40.59870  -70.99714    198.542     6.3533      7.925    12.5445    33.2533          3     80.813  0.000e+00
    25.1294     55.288   40.59870  -70.99714    198.565     6.3540      7.925    12.5447    33.2540          3     80.823  0.000e+00
    25.1291     55.243   40.59870  -70.99714    198.583     6.3546      7.925    12.5453    33.2537          3     80.757  0.000e+00
    25.1287     55.288   40.59870  -70.99714    198.602     6.3552      7.925    12.5458    33.2533          3     80.823  0.000e+00
    25.1299     55.243   40.59870  -70.99714    198.625     6.3559      7.925    12.5442    33.2545          3     80.757  0.000e+00
    25.1304     55.243   40.59870  -70.99714    198.648     6.3566      7.925    12.5427    33.2547          3     80.757  0.000e+00
    25.1308     55.236   40.59870  -70.99714    198.647     6.3566      7.925    12.5418    33.2550          3     80.747  0.000e+00
    25.1318     55.243   40.59870  -70.99714    198.665     6.3572      7.925    12.5400    33.2559          3     80.757  0.000e+00
    25.1319     55.243   40.59870  -70.99714    198.678     6.3576      7.925    12.5391    33.2558          3     80.757  0.000e+00
    25.1320     55.191   40.59870  -70.99714    198.684     6.3578      7.935    12.5388    33.2559          4     80.682  0.000e+00
    25.1320     55.243   40.59870  -70.99714    198.686     6.3578      7.925    12.5397    33.2561          4     80.757  0.000e+00
    25.1312     55.185   40.59870  -70.99714    198.799     6.3615      7.925    12.5431    33.2558          4     80.672  0.000e+00
    25.1291     55.288   40.59870  -70.99714    198.794     6.3613      7.935    12.5484    33.2544          4     80.823  0.000e+00
    25.1271     55.191   40.59870  -70.99714    198.644     6.3565      7.925    12.5520    33.2528          4     80.682  0.000e+00
    25.1254     55.191   40.59870  -70.99714    198.624     6.3559      7.925    12.5553    33.2514          4     80.682  0.000e+00
    25.1251     55.146   40.59870  -70.99714    198.625     6.3559      7.925    12.5568    33.2515          4     80.616  0.000e+00
    25.1254     55.243   40.59870  -70.99714    198.618     6.3557      7.925    12.5566    33.2517          4     80.757  0.000e+00
    25.1262     55.185   40.59870  -70.99714    198.609     6.3554      7.925    12.5554    33.2525          4     80.672  0.000e+00
    25.1258     55.191   40.59870  -70.99714    198.593     6.3549      7.925    12.5559    33.2521          4     80.682  0.000e+00
    25.1262     55.191   40.59870  -70.99714    198.576     6.3543      7.925    12.5560    33.2526          4     80.682  0.000e+00
    25.1257     55.146   40.59870  -70.99714    198.392     6.3484      7.925    12.5563    33.2521          4     80.616  0.000e+00
    25.1260     55.191   40.59870  -70.99714    198.485     6.3514      7.925    12.5558    33.2523          4     80.682  0.000e+00
    25.1259     55.185   40.59870  -70.99714    198.461     6.3507      7.925    12.5559    33.2522          4     80.672  0.000e+00
    25.1260     55.243   40.59870  -70.99714    198.418     6.3493      7.925    12.5562    33.2525          4     80.757  0.000e+00
    25.1262     55.146   40.59870  -70.99714    198.384     6.3482      7.925    12.5567    33.2528          4     80.616  0.000e+00
    25.1264     55.191   40.59870  -70.99714    198.353     6.3472      7.925    12.5569    33.2531          4     80.682  0.000e+00
    25.1256     55.191   40.59870  -70.99714    198.313     6.3459      7.925    12.5587    33.2525          4     80.682  0.000e+00
    25.1252     55.185   40.59870  -70.99714    198.122     6.3398      7.925    12.5608    33.2526          4     80.672  0.000e+00
    25.1246     55.146   40.59870  -70.99714    198.074     6.3383      7.925    12.5634    33.2523          4     80.616  0.000e+00
    25.1242     55.191   40.59870  -70.99714    198.024     6.3367      7.925    12.5665    33.2526          4     80.682  0.000e+00
    25.1229     55.191   40.59870  -70.99714    198.116     6.3396      7.921    12.5704    33.2519          4     80.682  0.000e+00
    25.1229     55.191   40.59870  -70.99714    197.937     6.3339      7.925    12.5727    33.2525          4     80.682  0.000e+00
    25.1226     55.146   40.59870  -70.99714    198.055     6.3377      7.925    12.5739    33.2524          4     80.616  0.000e+00
    25.1209     55.185   40.59870  -70.99714    197.873     6.3319      7.925    12.5774    33.2511          4     80.672  0.000e+00
    25.1191     55.191   40.59870  -70.99714    197.802     6.3296      7.925    12.5841    33.2505          4     80.682  0.000e+00
    25.1183     55.191   40.59870  -70.99714    197.738     6.3275      7.925    12.5892    33.2507          4     80.682  0.000e+00
    25.1175     55.191   40.59870  -70.99714    197.713     6.3267      7.925    12.5897    33.2498          4     80.682  0.000e+00
    25.1173     55.191   40.59870  -70.99714    197.676     6.3255      7.925    12.5887    33.2493          4     80.682  0.000e+00
    25.1165     55.236   40.59870  -70.99714    197.642     6.3245      7.925    12.5911    33.2489          4     80.747  0.000e+00
    25.1139     55.191   40.59870  -70.99714    197.594     6.3229      7.921    12.5964    33.2468          4     80.682  0.000e+00
    25.1143     55.191   40.59870  -70.99714    197.567     6.3221      7.925    12.5967    33.2474          4     80.682  0.000e+00
    25.1144     55.191   40.59870  -70.99714    197.545     6.3214      7.925    12.5961    33.2474          4     80.682  0.000e+00
    25.1136     55.191   40.59870  -70.99714    197.393     6.3165      7.925    12.5963    33.2464          4     80.682  0.000e+00
    25.1147     55.236   40.59870  -70.99714    197.364     6.3156      7.925    12.5936    33.2472          4     80.747  0.000e+00
    25.1153     55.191   40.59870  -70.99714    197.200     6.3103      7.925    12.5926    33.2477          4     80.682  0.000e+00
    25.1150     55.243   40.59870  -70.99714    197.158     6.3090      7.925    12.5939    33.2476          4     80.757  0.000e+00
