cruise2/ctd/proc/sevenv0.cnv
* Sea-Bird SBE 9 Data File:
* FileName = C:\Users\Tech\Documents\DataFiles\SBE 9\seven.hex
* Software Version Seasave V 7.26.7.107
* Temperature SN = 2735
* Conductivity SN = 2257
* Number of Bytes Per Scan = 44
* Number of Voltage Words = 4
* Number of Scans Averaged by the Deck Unit = 1
* NMEA Latitude = 40 35.93 N
* NMEA Longitude = 070 59.92 W
* NMEA UTC (Time) = Oct 12 2022  09:49:43
* NMEA baud rate = 4800
# nquan = 12
# nvalues = 20222                                 
# units = specified
# name 0 = sigma-t00: Density [sigma-t, kg/m^3 ]
# name 1 = depSM: Depth [salt water, m]
# name 2 = latitude: Latitude [deg]
# name 3 = longitude: Longitude [deg]
# name 4 = sbeox0Mm/L: Oxygen, SBE 43 [umol/l]
# name 5 = sbeox0Mg/L: Oxygen, SBE 43 [mg/l]
# name 6 = ph: pH
# name 7 = t090C: Temperature [ITS-90, deg C]
# name 8 = sal00: Salinity, Practical [PSU]
# name 9 = nbf: Bottles Fired
# name 10 = prDE: Pressure, Digiquartz [psi]
# name 11 = flag:  0.000e+00
# span 0 =    24.1328,    25.3076                 
# span 1 =      1.040,     64.726                 
# span 2 =   40.59850,   40.59888                 
# span 3 =  -70.99874,  -70.99624                 
# span 4 =    187.049,    250.576                 
# span 5 =     5.9855,     8.0183                 
# span 6 =      7.894,      8.177                 
# span 7 =    12.0088,    16.7951                 
# span 8 =    33.0216,    33.3522                 
# span 9 =          0,         10                 
# span 10 =      1.519,     94.621                
# span 11 = 0.0000e+00, 0.0000e+00                
# interval = seconds: 0.0416667
# start_time = Oct 12 2022 09:49:45 [System UTC, header]
# bad_flag = -9.990e-29
*END*
[from data line 14677]
    24.5776     44.979   40.59868  -70.99688    206.428     6.6056      7.997    14.6210    33.0855          5     65.751  0.000e+00
    24.5778     44.992   40.59868  -70.99688    206.421     6.6054      7.997    14.6213    33.0858          5     65.770  0.000e+00
    24.5776     44.979   40.59868  -70.99688    206.414     6.6052      7.997    14.6217    33.0856          5     65.751  0.000e+00
    24.5769     44.947   40.59868  -70.99688    206.400     6.6047      7.997    14.6234    33.0852          5     65.704  0.000e+00
    24.5766     44.947   40.59868  -70.99688    206.391     6.6044      7.997    14.6242    33.0851          5     65.704  0.000e+00
    24.5768     44.979   40.59868  -70.99688    206.402     6.6048      7.997    14.6241    33.0853          5     65.751  0.000e+00
    24.5760     44.902   40.59868  -70.99688    206.394     6.6045      7.997    14.6246    33.0844          5     65.638  0.000e+00
    24.5763     44.979   40.59868  -70.99688    206.394     6.6045      8.002    14.6240    33.0847          5     65.751  0.000e+00
    24.5765     44.902   40.59868  -70.99688    206.403     6.6048      7.997    14.6237    33.0849          5     65.638  0.000e+00
    24.5772     44.934   40.59868  -70.99688    206.403     6.6048      8.002    14.6229    33.0854          5     65.685  0.000e+00
    24.5771     44.947   40.59868  -70.99688    206.399     6.6047      7.997    14.6228    33.0853          5     65.704  0.000e+00
    24.5767     44.883   40.59868  -70.99688    206.253     6.6000      7.997    14.6236    33.0850          5     65.610  0.000e+00
    24.5767     44.902   40.59868  -70.99688    206.231     6.5993      7.997    14.6242    33.0852          5     65.638  0.000e+00
    24.5763     44.902   40.59868  -70.99688    206.208     6.5986      8.002    14.6254    33.0850          5     65.638  0.000e+00
    24.5764     44.883   40.59868  -70.99688    206.202     6.5984      8.002    14.6262    33.0854          5     65.610  0.000e+00
    24.5758     44.902   40.59868  -70.99688    206.177     6.5976      7.997    14.6283    33.0851          5     65.638  0.000e+00
    24.5759     44.838   40.59868  -70.99688    206.152     6.5968      7.997    14.6298    33.0857          5     65.545  0.000e+00
    24.5754     44.902   40.59868  -70.99688    206.131     6.5961      8.002    14.6316    33.0856          5     65.638  0.000e+00
    24.5751     44.838   40.59868  -70.99688    206.111     6.5955      7.997    14.6325    33.0855          5     65.545  0.000e+00
    24.5748     44.806   40.59868  -70.99688    206.094     6.5949      7.997    14.6332    33.0852          5     65.498  0.000e+00
    24.5740     44.793   40.59868  -70.99688    206.093     6.5949      8.002    14.6342    33.0844          5     65.479  0.000e+00
    24.5740     44.806   40.59868  -70.99688    206.096     6.5950      7.997    14.6344    33.0845          5     65.498  0.000e+00
    24.5740     44.793   40.59868  -70.99686    206.220     6.5989      7.997    14.6349    33.0847          5     65.479  0.000e+00
    24.5741     44.761   40.59868  -70.99686    206.082     6.5945      7.997    14.6356    33.0850          5     65.432  0.000e+00
    24.5737     44.761   40.59868  -70.99686    206.073     6.5942      7.997    14.6355    33.0845          5     65.432  0.000e+00
    24.5745     44.793   40.59868  -70.99686    206.073     6.5943      8.002    14.6335    33.0850          5     65.479  0.000e+00
    24.5754     44.709   40.59868  -70.99686    206.215     6.5988      7.997    14.6302    33.0851          5     65.357  0.000e+00
    24.5769     44.742   40.59868  -70.99686    206.241     6.5996      7.997    14.6259    33.0860          5     65.404  0.000e+00
    24.5768     44.665   40.59868  -70.99686    206.242     6.5996      8.002    14.6266    33.0861          5     65.291  0.000e+00
    24.5758     44.697   40.59868  -70.99686    206.373     6.6038      8.002    14.6297    33.0855          5     65.338  0.000e+00
    24.5754     44.665   40.59868  -70.99686    206.387     6.6043      7.997    14.6308    33.0853          5     65.291  0.000e+00
    24.5756     44.652   40.59868  -70.99686    206.285     6.6010      7.997    14.6306    33.0856          5     65.272  0.000e+00
    24.5750     44.665   40.59868  -70.99686    206.307     6.6017      7.997    14.6307    33.0848          5     65.291  0.000e+00
    24.5763     44.600   40.59868  -70.99686    206.324     6.6023      7.997    14.6278    33.0856          5     65.197  0.000e+00
    24.5779     44.620   40.59868  -70.99686    206.482     6.6073      8.002    14.6244    33.0868          5     65.226  0.000e+00
    24.5777     44.568   40.59868  -70.99686    206.500     6.6079      7.997    14.6247    33.0867          5     65.150  0.000e+00
    24.5757     44.555   40.59868  -70.99686    206.361     6.6035      7.997    14.6295    33.0854          5     65.132  0.000e+00
    24.5741     44.568   40.59868  -70.99686    206.343     6.6029      7.997    14.6347    33.0847          5     65.150  0.000e+00
    24.5729     44.510   40.59868  -70.99686    206.334     6.6026      7.997    14.6376    33.0841          5     65.066  0.000e+00
    24.5748     44.523   40.59868  -70.99686    206.355     6.6033      7.997    14.6339    33.0855          5     65.085  0.000e+00
    24.5777     44.459   40.59868  -70.99686    206.523     6.6086      8.002    14.6274    33.0874          5     64.991  0.000e+00
    24.5782     44.478   40.59868  -70.99686    206.397     6.6046      7.997    14.6288    33.0885          5     65.019  0.000e+00
    24.5754     44.414   40.59868  -70.99686    206.351     6.6031      8.002    14.6397    33.0878          5     64.925  0.000e+00
    24.5738     44.478   40.59868  -70.99686    206.466     6.6068      8.002    14.6459    33.0874          5     65.019  0.000e+00
    24.5720     44.369   40.59868  -70.99686    206.466     6.6068      8.002    14.6496    33.0861          5     64.860  0.000e+00
    24.5705     44.382   40.59868  -70.99686    206.352     6.6032      8.002    14.6521    33.0849          5     64.878  0.000e+00
    24.5720     44.382   40.59868  -70.99686    206.521     6.6086      8.002    14.6492    33.0860          5     64.878  0.000e+00
    24.5728     44.318   40.59868  -70.99686    206.556     6.6097      8.002    14.6452    33.0860          5     64.784  0.000e+00
    24.5727     44.382   40.59868  -70.99686    206.446     6.6062      8.002    14.6435    33.0854          5     64.878  0.000e+00
    24.5724     44.273   40.59868  -70.99686    206.439     6.6060      7.997    14.6452    33.0854          5     64.719  0.000e+00
    24.5712     44.286   40.59868  -70.99686    206.422     6.6054      8.002    14.6497    33.0851          5     64.738  0.000e+00
    24.5715     44.273   40.59868  -70.99686    206.424     6.6055      8.002    14.6498    33.0855          5     64.719  0.000e+00
    24.5707     44.241   40.59868  -70.99686    206.432     6.6057      8.002    14.6489    33.0843          5     64.672  0.000e+00
    24.5712     44.228   40.59868  -70.99686    206.437     6.6059      7.997    14.6483    33.0847          5     64.653  0.000e+00
    24.5720     44.241   40.59868  -70.99686    206.302     6.6016      8.002    14.6481    33.0858          5     64.672  0.000e+00
    24.5707     44.177   40.59868  -70.99686    206.409     6.6050      8.002    14.6522    33.0852          5     64.578  0.000e+00
    24.5678     44.196   40.59868  -70.99686    206.383     6.6042      8.002    14.6593    33.0834          5     64.606  0.000e+00
    24.5684     44.132   40.59868  -70.99686    206.365     6.6036      8.002    14.6630    33.0851          5     64.512  0.000e+00
    24.5670     44.145   40.59868  -70.99686    206.197     6.5982      8.002    14.6704    33.0854          5     64.531  0.000e+00
    24.5664     44.087   40.59868  -70.99686    206.297     6.6014      8.002    14.6759    33.0861          5     64.447  0.000e+00
    24.5648     44.100   40.59868  -70.99686    206.265     6.6004      8.002    14.6808    33.0854          5     64.465  0.000e+00
    24.5629     44.055   40.59868  -70.99686    206.097     6.5950      8.001    14.6848    33.0841          5     64.400  0.000e+00
    24.5614     44.087   40.59868  -70.99686    205.924     6.5895      8.001    14.6875    33.0828          5     64.447  0.000e+00
    24.5609     44.010   40.59868  -70.99686    205.880     6.5881      8.001    14.6879    33.0824          5     64.334  0.000e+00
    24.5623     44.035   40.59868  -70.99686    205.850     6.5871      8.001    14.6857    33.0835          5     64.371  0.000e+00
    24.5642     43.958   40.59868  -70.99686    205.816     6.5860      8.002    14.6835    33.0854          5     64.259  0.000e+00
    24.5668     43.990   40.59868  -70.99686    205.784     6.5850      8.002    14.6814    33.0881          5     64.306  0.000e+00
    24.5632     43.958   40.59868  -70.99686    205.717     6.5829      8.001    14.6884    33.0855          5     64.259  0.000e+00
    24.5605     43.946   40.59868  -70.99686    205.655     6.5809      8.001    14.6943    33.0836          5     64.240  0.000e+00
    24.5577     43.913   40.59868  -70.99686    205.748     6.5839      8.001    14.6965    33.0805          5     64.193  0.000e+00
    24.5583     43.901   40.59868  -70.99686    205.615     6.5796      8.001    14.6909    33.0798          5     64.174  0.000e+00
    24.5590     43.868   40.59868  -70.99686    205.617     6.5797      8.001    14.6858    33.0793          5     64.127  0.000e+00
    24.5548     43.849   40.59868  -70.99686    205.704     6.5824      8.001    14.6904    33.0751          5     64.099  0.000e+00
    24.5575     43.868   40.59868  -70.99686    205.693     6.5821      8.006    14.6875    33.0779          5     64.127  0.000e+00
    24.5564     43.804   40.59868  -70.99686    205.521     6.5766      8.001    14.6906    33.0772          5     64.034  0.000e+00
    24.5628     43.817   40.59868  -70.99686    205.362     6.5715      8.001    14.6891    33.0851          5     64.052  0.000e+00
    24.5686     43.804   40.59868  -70.99686    205.434     6.5738      8.001    14.6940    33.0940          5     64.034  0.000e+00
    24.5694     43.772   40.59868  -70.99686    205.371     6.5718      8.001    14.7031    33.0976          5     63.987  0.000e+00
    24.5627     43.727   40.59868  -70.99686    205.333     6.5706      8.001    14.7130    33.0916          5     63.921  0.000e+00
    24.5605     43.759   40.59868  -70.99686    205.476     6.5751      8.001    14.7133    33.0888          5     63.968  0.000e+00
    24.5574     43.727   40.59868  -70.99686    205.616     6.5796      8.001    14.7142    33.0851          5     63.921  0.000e+00
    24.5594     43.708   40.59868  -70.99686    205.528     6.5768      8.001    14.7069    33.0857          5     63.893  0.000e+00
    24.5635     43.676   40.59868  -70.99686    205.577     6.5784      8.001    14.6962    33.0881          5     63.846  0.000e+00
    24.5641     43.663   40.59868  -70.99686    205.747     6.5838      8.006    14.6933    33.0880          5     63.827  0.000e+00
    24.5627     43.676   40.59868  -70.99686    205.772     6.5846      8.001    14.6958    33.0869          5     63.846  0.000e+00
    24.5585     43.618   40.59868  -70.99686    205.756     6.5841      8.001    14.7043    33.0838          5     63.761  0.000e+00
    24.5520     43.631   40.59868  -70.99686    205.704     6.5824      8.001    14.7211    33.0799          5     63.780  0.000e+00
    24.5450     43.618   40.59868  -70.99686    205.630     6.5801      8.006    14.7426    33.0769          5     63.761  0.000e+00
    24.5437     43.586   40.59868  -70.99686    205.599     6.5791      8.001    14.7533    33.0781          5     63.714  0.000e+00
    24.5440     43.567   40.59868  -70.99686    205.624     6.5799      8.001    14.7552    33.0791          5     63.686  0.000e+00
    24.5438     43.586   40.59868  -70.99686    205.658     6.5810      8.001    14.7526    33.0780          5     63.714  0.000e+00
    24.5489     43.522   40.59868  -70.99686    205.729     6.5832      8.001    14.7404    33.0813          5     63.621  0.000e+00
    24.5528     43.535   40.59868  -70.99686    205.945     6.5902      8.001    14.7304    33.0836          5     63.639  0.000e+00
    24.5544     43.522   40.59868  -70.99686    206.022     6.5926      8.001    14.7245    33.0841          5     63.621  0.000e+00
    24.5575     43.535   40.59868  -70.99686    206.083     6.5946      8.001    14.7184    33.0863          5     63.639  0.000e+00
    24.5613     43.477   40.59868  -70.99686    206.157     6.5969      8.001    14.7119    33.0895          5     63.555  0.000e+00
    24.5600     43.490   40.59868  -70.99686    206.207     6.5985      8.001    14.7125    33.0880          5     63.574  0.000e+00
    24.5584     43.425   40.59868  -70.99686    206.213     6.5987      8.001    14.7186    33.0875          5     63.480  0.000e+00
    24.5598     43.445   40.59868  -70.99686    206.223     6.5990      8.001    14.7231    33.0906          5     63.508  0.000e+00
    24.5569     43.425   40.59868  -70.99686    206.236     6.5994      8.001    14.7282    33.0883          5     63.480  0.000e+00
    24.5526     43.445   40.59868  -70.99686    206.263     6.6003      8.001    14.7307    33.0835          5     63.508  0.000e+00
    24.5524     43.381   40.59868  -70.99686    206.314     6.6019      8.001    14.7269    33.0821          5     63.414  0.000e+00
    24.5552     43.393   40.59868  -70.99686    206.370     6.6037      8.001    14.7211    33.0842          5     63.433  0.000e+00
    24.5603     43.381   40.59868  -70.99686    206.397     6.6046      8.001    14.7170    33.0897          5     63.414  0.000e+00
    24.5599     43.348   40.59868  -70.99686    206.519     6.6085      8.001    14.7260    33.0916          5     63.367  0.000e+00
    24.5545     43.336   40.59868  -70.99686    206.486     6.6075      8.006    14.7431    33.0894          5     63.348  0.000e+00
    24.5445     43.304   40.59868  -70.99686    206.448     6.6063      8.001    14.7624    33.0817          5     63.301  0.000e+00
    24.5496     43.284   40.59868  -70.99686    206.494     6.6077      8.001    14.7566    33.0866          5     63.273  0.000e+00
    24.5522     43.348   40.59868  -70.99686    206.720     6.6150      8.001    14.7460    33.0871          5     63.367  0.000e+00
    24.5529     43.252   40.59868  -70.99686    206.806     6.6177      8.001    14.7384    33.0860          5     63.226  0.000e+00
    24.5559     43.284   40.59868  -70.99686    206.995     6.6238      8.001    14.7342    33.0886          5     63.273  0.000e+00
    24.5552     43.207   40.59868  -70.99686    206.849     6.6191      8.001    14.7420    33.0899          5     63.161  0.000e+00
    24.5493     43.239   40.59868  -70.99686    206.781     6.6169      8.001    14.7606    33.0874          5     63.208  0.000e+00
    24.5421     43.207   40.59868  -70.99686    206.711     6.6146      8.001    14.7790    33.0832          5     63.161  0.000e+00
    24.5417     43.194   40.59868  -70.99686    206.831     6.6185      8.006    14.7839    33.0840          5     63.142  0.000e+00
    24.5439     43.162   40.59868  -70.99686    206.983     6.6234      8.001    14.7836    33.0868          5     63.095  0.000e+00
    24.5408     43.194   40.59868  -70.99686    206.861     6.6195      8.001    14.7874    33.0838          5     63.142  0.000e+00
    24.5351     43.117   40.59868  -70.99686    206.995     6.6237      8.001    14.7916    33.0777          5     63.029  0.000e+00
    24.5352     43.143   40.59868  -70.99686    207.061     6.6259      8.006    14.7857    33.0761          5     63.067  0.000e+00
