cruise2/ctd/proc/sevenv0.cnv
* Sea-Bird SBE 9 Data File:
* FileName = C:\Users\Tech\Documents\DataFiles\SBE 9\seven.hex
* Software Version Seasave V 7.26.7.107
* Temperature SN = 2735
* Conductivity SN = 2257
* Number of Bytes Per Scan = 44
* Number of Voltage Words = 4
* Number of Scans Averaged by the Deck Unit = 1
* NMEA Latitude = 40 35.93 N
* NMEA Longitude = 070 59.92 W
* NMEA UTC (Time) = Oct 12 2022  09:49:43
* NMEA baud rate = 4800
# nquan = 12
# nvalues = 20222                                 
# units = specified
# name 0 = sigma-t00: Density [sigma-t, kg/m^3 ]
# name 1 = depSM: Depth [salt water, m]
# name 2 = latitude: Latitude [deg]
# name 3 = longitude: Longitude [deg]
# name 4 = sbeox0Mm/L: Oxygen, SBE 43 [umol/l]
# name 5 = sbeox0Mg/L: Oxygen, SBE 43 [mg/l]
# name 6 = ph: pH
# name 7 = t090C: Temperature [ITS-90, deg C]
# name 8 = sal00: Salinity, Practical [PSU]
# name 9 = nbf: Bottles Fired
# name 10 = prDE: Pressure, Digiquartz [psi]
# name 11 = flag:  0.000e+00
# span 0 =    24.1328,    25.3076                 
# span 1 =      1.040,     64.726                 
# span 2 =   40.59850,   40.59888                 
# span 3 =  -70.99874,  -70.99624                 
# span 4 =    187.049,    250.576                 
# span 5 =     5.9855,     8.0183                 
# span 6 =      7.894,      8.177                 
# span 7 =    12.0088,    16.7951                 
# span 8 =    33.0216,    33.3522                 
# span 9 =          0,         10                 
# span 10 =      1.519,     94.621                
# span 11 = 0.0000e+00, 0.0000e+00                
# interval = seconds: 0.0416667
# start_time = Oct 12 2022 09:49:45 [System UTC, header]
# bad_flag = -9.990e-29
*END*
[from data line 5775]
    25.2916     62.602   40.59872  -70.99800    196.997     6.3038      7.918    12.0414    33.3393          0     91.517  0.000e+00
    25.2913     62.647   40.59872  -70.99800    196.822     6.2982      7.922    12.0414    33.3389          0     91.582  0.000e+00
    25.2916     62.602   40.59872  -70.99800    196.777     6.2968      7.918    12.0409    33.3391          0     91.517  0.000e+00
    25.2920     62.647   40.59872  -70.99800    196.734     6.2954      7.918    12.0405    33.3395          0     91.582  0.000e+00
    25.2919     62.602   40.59872  -70.99800    196.539     6.2892      7.918    12.0408    33.3395          0     91.517  0.000e+00
    25.2918     62.647   40.59872  -70.99800    196.479     6.2872      7.922    12.0409    33.3394          0     91.582  0.000e+00
    25.2920     62.602   40.59872  -70.99800    196.568     6.2901      7.922    12.0405    33.3396          0     91.517  0.000e+00
    25.2923     62.647   40.59872  -70.99800    196.531     6.2889      7.918    12.0400    33.3398          0     91.582  0.000e+00
    25.2923     62.602   40.59872  -70.99800    196.343     6.2829      7.918    12.0397    33.3398          0     91.517  0.000e+00
    25.2922     62.647   40.59872  -70.99800    196.288     6.2811      7.922    12.0397    33.3396          0     91.582  0.000e+00
    25.2926     62.602   40.59872  -70.99800    196.234     6.2794      7.918    12.0392    33.3399          0     91.517  0.000e+00
    25.2923     62.647   40.59872  -70.99800    196.200     6.2783      7.922    12.0395    33.3397          0     91.582  0.000e+00
    25.2924     62.602   40.59872  -70.99800    196.164     6.2772      7.922    12.0398    33.3399          0     91.517  0.000e+00
    25.2923     62.602   40.59872  -70.99800    196.135     6.2762      7.922    12.0397    33.3397          0     91.517  0.000e+00
    25.2922     62.647   40.59872  -70.99800    196.108     6.2754      7.922    12.0397    33.3396          0     91.582  0.000e+00
    25.2921     62.602   40.59872  -70.99800    195.933     6.2698      7.918    12.0397    33.3395          0     91.516  0.000e+00
    25.2920     62.647   40.59872  -70.99800    195.745     6.2638      7.918    12.0397    33.3393          0     91.582  0.000e+00
    25.2921     62.602   40.59872  -70.99800    195.856     6.2673      7.918    12.0397    33.3394          0     91.516  0.000e+00
    25.2920     62.602   40.59872  -70.99800    195.690     6.2620      7.918    12.0404    33.3394          0     91.516  0.000e+00
    25.2917     62.602   40.59872  -70.99800    195.622     6.2598      7.922    12.0410    33.3393          0     91.516  0.000e+00
    25.2914     62.602   40.59872  -70.99800    195.575     6.2583      7.922    12.0419    33.3390          0     91.516  0.000e+00
    25.2912     62.602   40.59872  -70.99800    195.514     6.2564      7.922    12.0425    33.3390          0     91.516  0.000e+00
    25.2912     62.602   40.59872  -70.99800    195.476     6.2551      7.922    12.0427    33.3390          0     91.516  0.000e+00
    25.2914     62.602   40.59872  -70.99800    195.594     6.2589      7.922    12.0420    33.3391          0     91.516  0.000e+00
    25.2920     62.557   40.59872  -70.99800    195.582     6.2585      7.918    12.0414    33.3398          0     91.451  0.000e+00
    25.2919     62.602   40.59872  -70.99800    195.427     6.2536      7.922    12.0411    33.3396          0     91.516  0.000e+00
    25.2919     62.557   40.59872  -70.99800    195.402     6.2528      7.922    12.0412    33.3395          0     91.451  0.000e+00
    25.2918     62.602   40.59872  -70.99800    195.401     6.2527      7.918    12.0414    33.3395          0     91.516  0.000e+00
    25.2916     62.557   40.59872  -70.99800    195.384     6.2522      7.918    12.0414    33.3392          0     91.451  0.000e+00
    25.2921     62.557   40.59872  -70.99800    195.372     6.2518      7.918    12.0414    33.3399          0     91.451  0.000e+00
    25.2921     62.602   40.59872  -70.99800    195.384     6.2522      7.918    12.0411    33.3399          0     91.516  0.000e+00
    25.2915     62.557   40.59872  -70.99800    195.396     6.2526      7.922    12.0417    33.3392          0     91.451  0.000e+00
    25.2916     62.557   40.59872  -70.99800    195.544     6.2573      7.922    12.0419    33.3394          0     91.451  0.000e+00
    25.2911     62.557   40.59872  -70.99800    195.435     6.2538      7.922    12.0422    33.3388          0     91.451  0.000e+00
    25.2915     62.506   40.59872  -70.99800    195.608     6.2594      7.922    12.0423    33.3393          0     91.375  0.000e+00
    25.2915     62.557   40.59872  -70.99800    195.657     6.2609      7.922    12.0423    33.3393          0     91.451  0.000e+00
    25.2912     62.557   40.59872  -70.99800    195.557     6.2577      7.922    12.0430    33.3391          0     91.451  0.000e+00
    25.2908     62.557   40.59872  -70.99800    195.575     6.2583      7.918    12.0437    33.3388          0     91.451  0.000e+00
    25.2909     62.505   40.59872  -70.99800    195.595     6.2590      7.918    12.0440    33.3390          0     91.375  0.000e+00
    25.2906     62.557   40.59872  -70.99800    195.622     6.2598      7.922    12.0445    33.3387          0     91.451  0.000e+00
    25.2906     62.505   40.59872  -70.99800    195.670     6.2614      7.922    12.0445    33.3387          0     91.375  0.000e+00
    25.2907     62.505   40.59872  -70.99800    195.706     6.2625      7.918    12.0445    33.3389          0     91.375  0.000e+00
    25.2908     62.505   40.59872  -70.99800    195.728     6.2632      7.918    12.0442    33.3389          0     91.375  0.000e+00
    25.2907     62.557   40.59872  -70.99800    195.752     6.2640      7.922    12.0443    33.3388          0     91.450  0.000e+00
    25.2908     62.505   40.59872  -70.99800    195.777     6.2648      7.927    12.0444    33.3389          0     91.375  0.000e+00
    25.2908     62.557   40.59872  -70.99800    195.810     6.2658      7.918    12.0440    33.3388          0     91.450  0.000e+00
    25.2910     62.505   40.59872  -70.99800    195.841     6.2668      7.918    12.0439    33.3391          0     91.375  0.000e+00
    25.2910     62.505   40.59872  -70.99800    195.877     6.2680      7.918    12.0439    33.3391          0     91.375  0.000e+00
    25.2911     62.557   40.59872  -70.99800    196.066     6.2740      7.918    12.0436    33.3391          0     91.450  0.000e+00
    25.2908     62.505   40.59872  -70.99800    196.121     6.2758      7.932    12.0440    33.3389          0     91.375  0.000e+00
    25.2907     62.505   40.59872  -70.99800    196.014     6.2724      7.918    12.0444    33.3388          0     91.375  0.000e+00
    25.2905     62.505   40.59872  -70.99800    196.038     6.2731      7.918    12.0450    33.3387          0     91.375  0.000e+00
    25.2904     62.557   40.59872  -70.99800    196.065     6.2740      7.922    12.0455    33.3388          0     91.450  0.000e+00
    25.2907     62.557   40.59872  -70.99800    196.225     6.2791      7.922    12.0457    33.3392          0     91.450  0.000e+00
    25.2905     62.505   40.59872  -70.99800    196.104     6.2752      7.918    12.0464    33.3390          0     91.375  0.000e+00
    25.2899     62.557   40.59872  -70.99800    196.283     6.2810      7.922    12.0472    33.3385          0     91.450  0.000e+00
    25.2898     62.557   40.59872  -70.99800    196.336     6.2827      7.918    12.0472    33.3383          0     91.450  0.000e+00
    25.2897     62.557   40.59872  -70.99800    196.372     6.2838      7.922    12.0470    33.3382          0     91.450  0.000e+00
    25.2898     62.505   40.59872  -70.99800    196.409     6.2850      7.922    12.0467    33.3381          0     91.375  0.000e+00
    25.2898     62.602   40.59872  -70.99800    196.450     6.2863      7.922    12.0464    33.3381          0     91.516  0.000e+00
    25.2899     62.557   40.59872  -70.99800    196.341     6.2828      7.922    12.0457    33.3381          0     91.450  0.000e+00
    25.2899     62.557   40.59872  -70.99800    196.511     6.2883      7.922    12.0457    33.3381          0     91.450  0.000e+00
    25.2904     62.557   40.59872  -70.99800    196.404     6.2848      7.918    12.0453    33.3387          0     91.450  0.000e+00
    25.2901     62.602   40.59872  -70.99800    196.577     6.2904      7.918    12.0454    33.3383          0     91.516  0.000e+00
    25.2904     62.602   40.59872  -70.99800    196.599     6.2911      7.922    12.0455    33.3387          0     91.516  0.000e+00
    25.2906     62.602   40.59872  -70.99800    196.605     6.2913      7.922    12.0454    33.3389          0     91.516  0.000e+00
    25.2902     62.602   40.59872  -70.99800    196.480     6.2873      7.922    12.0455    33.3385          0     91.516  0.000e+00
    25.2903     62.602   40.59872  -70.99800    196.614     6.2916      7.922    12.0457    33.3386          0     91.516  0.000e+00
    25.2902     62.602   40.59872  -70.99800    196.620     6.2917      7.922    12.0455    33.3385          0     91.516  0.000e+00
    25.2906     62.602   40.59872  -70.99800    196.623     6.2919      7.918    12.0454    33.3389          0     91.516  0.000e+00
    25.2908     62.698   40.59872  -70.99800    196.631     6.2921      7.922    12.0448    33.3390          0     91.657  0.000e+00
    25.2908     62.602   40.59872  -70.99800    196.633     6.2922      7.918    12.0444    33.3389          0     91.516  0.000e+00
    25.2906     62.698   40.59872  -70.99800    196.655     6.2929      7.918    12.0445    33.3387          0     91.657  0.000e+00
    25.2909     62.602   40.59872  -70.99800    196.674     6.2935      7.918    12.0442    33.3390          0     91.516  0.000e+00
    25.2911     62.698   40.59872  -70.99800    196.676     6.2936      7.913    12.0444    33.3393          0     91.657  0.000e+00
    25.2907     62.646   40.59872  -70.99800    196.824     6.2983      7.918    12.0445    33.3388          0     91.582  0.000e+00
    25.2905     62.698   40.59872  -70.99800    196.844     6.2989      7.922    12.0443    33.3385          0     91.657  0.000e+00
    25.2907     62.646   40.59872  -70.99800    196.860     6.2994      7.922    12.0439    33.3387          0     91.582  0.000e+00
    25.2912     62.698   40.59872  -70.99800    196.877     6.3000      7.927    12.0434    33.3392          0     91.657  0.000e+00
    25.2913     62.698   40.59872  -70.99800    196.889     6.3004      7.918    12.0434    33.3394          0     91.657  0.000e+00
    25.2911     62.698   40.59872  -70.99800    196.900     6.3007      7.922    12.0435    33.3391          0     91.657  0.000e+00
    25.2906     62.743   40.59872  -70.99800    196.927     6.3016      7.922    12.0442    33.3386          0     91.722  0.000e+00
    25.2907     62.646   40.59872  -70.99800    196.783     6.2970      7.913    12.0445    33.3389          0     91.581  0.000e+00
    25.2906     62.743   40.59872  -70.99800    196.942     6.3020      7.918    12.0447    33.3388          0     91.722  0.000e+00
    25.2905     62.698   40.59872  -70.99800    196.966     6.3028      7.918    12.0448    33.3387          0     91.657  0.000e+00
    25.2903     62.743   40.59872  -70.99800    196.974     6.3031      7.918    12.0448    33.3384          0     91.722  0.000e+00
    25.2906     62.698   40.59872  -70.99800    196.975     6.3031      7.904    12.0453    33.3389          0     91.657  0.000e+00
    25.2903     62.743   40.59872  -70.99800    196.980     6.3033      7.918    12.0454    33.3385          0     91.722  0.000e+00
    25.2901     62.743   40.59872  -70.99800    196.981     6.3033      7.918    12.0457    33.3384          0     91.722  0.000e+00
    25.2904     62.743   40.59872  -70.99800    196.983     6.3034      7.918    12.0454    33.3386          0     91.722  0.000e+00
    25.2899     62.743   40.59872  -70.99800    196.982     6.3034      7.918    12.0455    33.3381          0     91.722  0.000e+00
    25.2903     62.698   40.59872  -70.99800    196.980     6.3033      7.918    12.0452    33.3385          0     91.657  0.000e+00
    25.2902     62.743   40.59872  -70.99798    196.978     6.3032      7.918    12.0450    33.3384          0     91.722  0.000e+00
    25.2907     62.743   40.59872  -70.99798    196.975     6.3031      7.918    12.0445    33.3389          0     91.722  0.000e+00
    25.2907     62.743   40.59872  -70.99798    196.969     6.3029      7.922    12.0444    33.3389          0     91.722  0.000e+00
    25.2905     62.698   40.59872  -70.99798    196.959     6.3026      7.918    12.0445    33.3386          0     91.657  0.000e+00
    25.2906     62.743   40.59872  -70.99798    196.952     6.3024      7.918    12.0444    33.3387          0     91.722  0.000e+00
    25.2906     62.743   40.59872  -70.99798    196.958     6.3026      7.922    12.0445    33.3387          0     91.722  0.000e+00
    25.2907     62.743   40.59872  -70.99798    196.965     6.3028      7.922    12.0445    33.3389          0     91.722  0.000e+00
    25.2908     62.743   40.59872  -70.99798    197.100     6.3071      7.922    12.0445    33.3390          0     91.722  0.000e+00
    25.2909     62.743   40.59872  -70.99798    197.106     6.3073      7.918    12.0440    33.3389          0     91.722  0.000e+00
    25.2910     62.698   40.59872  -70.99798    197.107     6.3073      7.918    12.0437    33.3390          0     91.656  0.000e+00
    25.2914     62.743   40.59872  -70.99798    196.977     6.3032      7.918    12.0435    33.3395          0     91.722  0.000e+00
    25.2912     62.743   40.59872  -70.99798    197.104     6.3072      7.918    12.0437    33.3393          0     91.722  0.000e+00
    25.2909     62.743   40.59872  -70.99798    196.819     6.2981      7.918    12.0443    33.3391          0     91.722  0.000e+00
    25.2909     62.698   40.59872  -70.99798    196.946     6.3022      7.918    12.0442    33.3390          0     91.656  0.000e+00
    25.2916     62.743   40.59872  -70.99798    196.796     6.2974      7.922    12.0437    33.3398          0     91.722  0.000e+00
    25.2919     62.743   40.59872  -70.99798    196.924     6.3015      7.918    12.0432    33.3400          0     91.722  0.000e+00
    25.2911     62.698   40.59872  -70.99798    196.915     6.3012      7.918    12.0439    33.3392          0     91.656  0.000e+00
    25.2906     62.743   40.59872  -70.99798    196.890     6.3004      7.922    12.0445    33.3387          0     91.722  0.000e+00
    25.2905     62.743   40.59872  -70.99798    196.880     6.3001      7.922    12.0450    33.3387          0     91.722  0.000e+00
    25.2909     62.698   40.59872  -70.99798    196.849     6.2991      7.918    12.0455    33.3394          0     91.656  0.000e+00
    25.2902     62.743   40.59872  -70.99798    196.689     6.2940      7.918    12.0464    33.3387          0     91.722  0.000e+00
    25.2900     62.698   40.59872  -70.99798    196.657     6.2929      7.918    12.0472    33.3386          0     91.656  0.000e+00
    25.2889     62.698   40.59872  -70.99798    196.624     6.2919      7.918    12.0487    33.3376          0     91.656  0.000e+00
    25.2886     62.743   40.59872  -70.99798    196.725     6.2951      7.918    12.0492    33.3373          0     91.722  0.000e+00
    25.2889     62.698   40.59872  -70.99798    196.716     6.2948      7.922    12.0485    33.3374          0     91.656  0.000e+00
    25.2895     62.698   40.59872  -70.99798    196.708     6.2946      7.922    12.0475    33.3380          0     91.656  0.000e+00
    25.2907     62.743   40.59872  -70.99798    196.703     6.2944      7.922    12.0459    33.3391          0     91.722  0.000e+00
