cruise2/ctd/proc/sevenv0.cnv
* Sea-Bird SBE 9 Data File:
* FileName = C:\Users\Tech\Documents\DataFiles\SBE 9\seven.hex
* Software Version Seasave V 7.26.7.107
* Temperature SN = 2735
* Conductivity SN = 2257
* Number of Bytes Per Scan = 44
* Number of Voltage Words = 4
* Number of Scans Averaged by the Deck Unit = 1
* NMEA Latitude = 40 35.93 N
* NMEA Longitude = 070 59.92 W
* NMEA UTC (Time) = Oct 12 2022  09:49:43
* NMEA baud rate = 4800
# nquan = 12
# nvalues = 20222                                 
# units = specified
# name 0 = sigma-t00: Density [sigma-t, kg/m^3 ]
# name 1 = depSM: Depth [salt water, m]
# name 2 = latitude: Latitude [deg]
# name 3 = longitude: Longitude [deg]
# name 4 = sbeox0Mm/L: Oxygen, SBE 43 [umol/l]
# name 5 = sbeox0Mg/L: Oxygen, SBE 43 [mg/l]
# name 6 = ph: pH
# name 7 = t090C: Temperature [ITS-90, deg C]
# name 8 = sal00: Salinity, Practical [PSU]
# name 9 = nbf: Bottles Fired
# name 10 = prDE: Pressure, Digiquartz [psi]
# name 11 = flag:  0.000e+00
# span 0 =    24.1328,    25.3076                 
# span 1 =      1.040,     64.726                 
# span 2 =   40.59850,   40.59888                 
# span 3 =  -70.99874,  -70.99624                 
# span 4 =    187.049,    250.576                 
# span 5 =     5.9855,     8.0183                 
# span 6 =      7.894,      8.177                 
# span 7 =    12.0088,    16.7951                 
# span 8 =    33.0216,    33.3522                 
# span 9 =          0,         10                 
# span 10 =      1.519,     94.621                
# span 11 = 0.0000e+00, 0.0000e+00                
# interval = seconds: 0.0416667
# start_time = Oct 12 2022 09:49:45 [System UTC, header]
# bad_flag = -9.990e-29
*END*
[from data line 16963]
    24.1585     20.406   40.59862  -70.99662    246.095     7.8749      8.146    16.5893    33.1084          6     29.828  0.000e+00
    24.1566     20.406   40.59862  -70.99662    246.268     7.8805      8.146    16.5873    33.1053          6     29.828  0.000e+00
    24.1565     20.406   40.59862  -70.99662    246.234     7.8794      8.141    16.5780    33.1024          6     29.828  0.000e+00
    24.1557     20.406   40.59862  -70.99662    246.320     7.8821      8.146    16.5691    33.0987          6     29.828  0.000e+00
    24.1554     20.451   40.59862  -70.99662    246.410     7.8850      8.142    16.5601    33.0957          6     29.894  0.000e+00
    24.1559     20.406   40.59862  -70.99662    246.355     7.8832      8.146    16.5538    33.0943          6     29.828  0.000e+00
    24.1563     20.451   40.59862  -70.99662    246.543     7.8893      8.146    16.5491    33.0934          6     29.894  0.000e+00
    24.1568     20.451   40.59862  -70.99662    246.609     7.8914      8.142    16.5457    33.0932          6     29.894  0.000e+00
    24.1573     20.419   40.59862  -70.99662    246.642     7.8924      8.142    16.5461    33.0939          6     29.847  0.000e+00
    24.1619     20.451   40.59862  -70.99662    246.537     7.8891      8.146    16.5471    33.1002          6     29.894  0.000e+00
    24.1627     20.451   40.59862  -70.99662    246.489     7.8875      8.146    16.5582    33.1046          7     29.894  0.000e+00
    24.1615     20.496   40.59862  -70.99662    246.583     7.8905      8.146    16.5708    33.1067          7     29.960  0.000e+00
    24.1607     20.496   40.59862  -70.99662    246.316     7.8820      8.141    16.5784    33.1080          7     29.960  0.000e+00
    24.1608     20.496   40.59862  -70.99662    246.438     7.8859      8.141    16.5818    33.1091          7     29.960  0.000e+00
    24.1607     20.451   40.59862  -70.99662    246.307     7.8817      8.141    16.5842    33.1098          7     29.894  0.000e+00
    24.1603     20.496   40.59862  -70.99662    246.438     7.8859      8.146    16.5876    33.1103          7     29.960  0.000e+00
    24.1601     20.451   40.59862  -70.99662    246.313     7.8819      8.141    16.5900    33.1107          7     29.894  0.000e+00
    24.1597     20.592   40.59862  -70.99662    246.454     7.8864      8.141    16.5906    33.1104          7     30.100  0.000e+00
    24.1600     20.496   40.59862  -70.99662    246.469     7.8869      8.141    16.5917    33.1111          7     29.960  0.000e+00
    24.1588     20.496   40.59862  -70.99662    246.333     7.8825      8.151    16.5955    33.1107          7     29.960  0.000e+00
    24.1589     20.592   40.59862  -70.99662    246.442     7.8860      8.146    16.5977    33.1115          7     30.100  0.000e+00
    24.1590     20.496   40.59862  -70.99662    246.430     7.8856      8.146    16.5999    33.1122          7     29.960  0.000e+00
    24.1591     20.547   40.59862  -70.99662    246.424     7.8855      8.146    16.6018    33.1130          7     30.035  0.000e+00
    24.1590     20.560   40.59862  -70.99662    246.425     7.8855      8.141    16.6027    33.1131          7     30.053  0.000e+00
    24.1567     20.592   40.59862  -70.99662    246.308     7.8817      8.150    16.6025    33.1101          7     30.100  0.000e+00
    24.1564     20.547   40.59862  -70.99662    246.434     7.8858      8.141    16.5999    33.1088          7     30.035  0.000e+00
    24.1567     20.592   40.59862  -70.99662    246.451     7.8863      8.146    16.5964    33.1082          7     30.100  0.000e+00
    24.1564     20.592   40.59862  -70.99662    246.485     7.8874      8.146    16.5921    33.1066          7     30.100  0.000e+00
    24.1566     20.592   40.59862  -70.99662    246.511     7.8882      8.141    16.5868    33.1053          7     30.100  0.000e+00
    24.1564     20.547   40.59862  -70.99662    246.656     7.8929      8.141    16.5837    33.1040          7     30.035  0.000e+00
    24.1570     20.637   40.59862  -70.99662    246.678     7.8936      8.146    16.5818    33.1042          7     30.166  0.000e+00
    24.1575     20.592   40.59862  -70.99662    246.703     7.8944      8.141    16.5789    33.1040          7     30.100  0.000e+00
    24.1579     20.592   40.59862  -70.99662    246.718     7.8949      8.146    16.5756    33.1035          7     30.100  0.000e+00
    24.1582     20.637   40.59862  -70.99662    246.868     7.8997      8.146    16.5739    33.1034          7     30.166  0.000e+00
    24.1582     20.592   40.59862  -70.99662    246.764     7.8963      8.146    16.5729    33.1031          7     30.100  0.000e+00
    24.1584     20.637   40.59862  -70.99662    246.782     7.8969      8.146    16.5715    33.1029          7     30.166  0.000e+00
    24.1589     20.637   40.59862  -70.99662    246.928     7.9016      8.146    16.5702    33.1033          7     30.166  0.000e+00
    24.1594     20.592   40.59862  -70.99662    246.953     7.9024      8.146    16.5691    33.1035          7     30.100  0.000e+00
    24.1594     20.605   40.59862  -70.99662    247.004     7.9040      8.141    16.5664    33.1027          7     30.119  0.000e+00
    24.1605     20.637   40.59862  -70.99662    247.069     7.9061      8.146    16.5632    33.1032          7     30.166  0.000e+00
    24.1613     20.637   40.59862  -70.99662    247.230     7.9113      8.137    16.5634    33.1043          7     30.166  0.000e+00
    24.1611     20.637   40.59862  -70.99662    247.130     7.9081      8.146    16.5641    33.1042          7     30.166  0.000e+00
    24.1611     20.637   40.59862  -70.99662    247.293     7.9133      8.146    16.5643    33.1043          7     30.166  0.000e+00
    24.1603     20.592   40.59862  -70.99662    247.323     7.9142      8.146    16.5671    33.1040          7     30.100  0.000e+00
    24.1603     20.637   40.59862  -70.99662    247.218     7.9109      8.146    16.5686    33.1046          7     30.166  0.000e+00
    24.1600     20.637   40.59862  -70.99662    247.357     7.9153      8.146    16.5704    33.1047          7     30.166  0.000e+00
    24.1603     20.637   40.59862  -70.99662    247.380     7.9161      8.146    16.5715    33.1055          7     30.166  0.000e+00
    24.1609     20.637   40.59862  -70.99662    247.411     7.9171      8.146    16.5710    33.1060          7     30.166  0.000e+00
    24.1607     20.592   40.59862  -70.99662    247.308     7.9137      8.146    16.5712    33.1058          7     30.100  0.000e+00
    24.1606     20.637   40.59862  -70.99662    247.320     7.9141      8.146    16.5719    33.1059          7     30.166  0.000e+00
    24.1612     20.637   40.59862  -70.99662    247.476     7.9191      8.146    16.5720    33.1068          7     30.166  0.000e+00
    24.1609     20.637   40.59862  -70.99662    247.370     7.9157      8.146    16.5726    33.1066          7     30.166  0.000e+00
    24.1606     20.592   40.59862  -70.99662    247.382     7.9161      8.146    16.5727    33.1062          7     30.100  0.000e+00
    24.1599     20.637   40.59862  -70.99662    247.404     7.9168      8.146    16.5715    33.1050          7     30.166  0.000e+00
    24.1586     20.605   40.59862  -70.99662    247.446     7.9182      8.146    16.5643    33.1010          7     30.119  0.000e+00
    24.1573     20.592   40.59862  -70.99662    247.507     7.9201      8.146    16.5561    33.0970          7     30.100  0.000e+00
    24.1561     20.637   40.59862  -70.99662    247.426     7.9175      8.146    16.5502    33.0936          7     30.166  0.000e+00
    24.1575     20.592   40.59862  -70.99662    247.448     7.9182      8.146    16.5453    33.0940          7     30.100  0.000e+00
    24.1600     20.592   40.59862  -70.99662    247.536     7.9210      8.146    16.5491    33.0983          7     30.100  0.000e+00
    24.1609     20.592   40.59862  -70.99662    247.494     7.9197      8.146    16.5553    33.1014          7     30.100  0.000e+00
    24.1611     20.592   40.59862  -70.99662    247.483     7.9194      8.146    16.5586    33.1026          7     30.100  0.000e+00
    24.1601     20.592   40.59862  -70.99662    247.470     7.9189      8.146    16.5580    33.1012          7     30.100  0.000e+00
    24.1575     20.592   40.59862  -70.99662    247.630     7.9240      8.146    16.5525    33.0961          7     30.100  0.000e+00
    24.1581     20.592   40.59862  -70.99662    247.659     7.9250      8.146    16.5457    33.0948          7     30.100  0.000e+00
    24.1573     20.592   40.59862  -70.99662    247.671     7.9254      8.146    16.5444    33.0934          7     30.100  0.000e+00
    24.1583     20.592   40.59862  -70.99662    247.681     7.9257      8.146    16.5400    33.0934          7     30.100  0.000e+00
    24.1595     20.547   40.59862  -70.99662    247.550     7.9215      8.146    16.5392    33.0947          7     30.035  0.000e+00
    24.1609     20.592   40.59862  -70.99662    247.503     7.9200      8.146    16.5445    33.0982          7     30.100  0.000e+00
    24.1616     20.547   40.59862  -70.99662    247.568     7.9221      8.146    16.5500    33.1007          7     30.035  0.000e+00
    24.1610     20.560   40.59862  -70.99662    247.554     7.9216      8.146    16.5517    33.1004          7     30.053  0.000e+00
    24.1605     20.592   40.59862  -70.99662    247.552     7.9215      8.146    16.5512    33.0996          7     30.100  0.000e+00
    24.1596     20.592   40.59862  -70.99662    247.549     7.9215      8.146    16.5503    33.0982          7     30.100  0.000e+00
    24.1594     20.547   40.59862  -70.99662    247.677     7.9255      8.142    16.5488    33.0975          7     30.035  0.000e+00
    24.1601     20.547   40.59862  -70.99662    247.536     7.9210      8.146    16.5481    33.0981          7     30.035  0.000e+00
    24.1610     20.592   40.59862  -70.99662    247.523     7.9206      8.146    16.5476    33.0992          7     30.100  0.000e+00
    24.1613     20.547   40.59862  -70.99662    247.635     7.9242      8.146    16.5476    33.0996          7     30.035  0.000e+00
    24.1613     20.547   40.59862  -70.99662    247.502     7.9200      8.146    16.5471    33.0994          7     30.035  0.000e+00
    24.1604     20.547   40.59862  -70.99662    247.486     7.9194      8.146    16.5466    33.0981          7     30.035  0.000e+00
    24.1601     20.547   40.59862  -70.99662    247.489     7.9195      8.146    16.5447    33.0972          7     30.035  0.000e+00
    24.1612     20.547   40.59862  -70.99662    247.511     7.9202      8.146    16.5389    33.0968          7     30.035  0.000e+00
    24.1615     20.547   40.59862  -70.99662    247.521     7.9205      8.146    16.5352    33.0961          7     30.035  0.000e+00
    24.1623     20.547   40.59862  -70.99662    247.507     7.9201      8.146    16.5353    33.0971          7     30.035  0.000e+00
    24.1623     20.547   40.59862  -70.99662    247.609     7.9234      8.146    16.5402    33.0986          7     30.035  0.000e+00
    24.1633     20.547   40.59862  -70.99662    247.451     7.9183      8.146    16.5445    33.1013          7     30.035  0.000e+00
    24.1631     20.496   40.59862  -70.99662    247.422     7.9174      8.146    16.5467    33.1017          7     29.960  0.000e+00
    24.1610     20.560   40.59862  -70.99662    247.395     7.9165      8.146    16.5520    33.1004          7     30.053  0.000e+00
    24.1600     20.547   40.59862  -70.99662    247.501     7.9199      8.146    16.5560    33.1003          7     30.035  0.000e+00
    24.1594     20.496   40.59862  -70.99662    247.372     7.9158      8.142    16.5570    33.1000          7     29.960  0.000e+00
    24.1572     20.547   40.59862  -70.99662    247.393     7.9165      8.146    16.5538    33.0961          7     30.035  0.000e+00
    24.1564     20.496   40.59862  -70.99662    247.432     7.9177      8.146    16.5483    33.0933          7     29.960  0.000e+00
    24.1578     20.547   40.59862  -70.99662    247.347     7.9150      8.146    16.5394    33.0925          7     30.035  0.000e+00
    24.1566     20.547   40.59862  -70.99662    247.514     7.9203      8.146    16.5326    33.0889          7     30.035  0.000e+00
    24.1544     20.547   40.59862  -70.99662    247.435     7.9178      8.146    16.5259    33.0841          7     30.035  0.000e+00
    24.1561     20.496   40.59862  -70.99662    247.575     7.9223      8.146    16.5203    33.0846          7     29.960  0.000e+00
    24.1590     20.496   40.59862  -70.99662    247.458     7.9185      8.146    16.5183    33.0878          7     29.960  0.000e+00
    24.1610     20.547   40.59862  -70.99662    247.452     7.9184      8.146    16.5182    33.0903          7     30.035  0.000e+00
    24.1628     20.496   40.59862  -70.99662    247.443     7.9181      8.146    16.5182    33.0926          7     29.960  0.000e+00
    24.1624     20.496   40.59862  -70.99662    247.534     7.9210      8.146    16.5223    33.0935          7     29.960  0.000e+00
    24.1622     20.496   40.59862  -70.99662    247.364     7.9155      8.151    16.5286    33.0950          7     29.960  0.000e+00
    24.1613     20.496   40.59862  -70.99662    247.208     7.9105      8.146    16.5326    33.0951          7     29.960  0.000e+00
    24.1615     20.515   40.59862  -70.99662    247.155     7.9089      8.146    16.5368    33.0965          7     29.988  0.000e+00
    24.1611     20.496   40.59862  -70.99662    247.096     7.9070      8.146    16.5421    33.0977          7     29.960  0.000e+00
    24.1611     20.496   40.59862  -70.99662    247.215     7.9108      8.146    16.5392    33.0968          7     29.960  0.000e+00
    24.1609     20.496   40.59862  -70.99662    247.237     7.9115      8.146    16.5330    33.0947          7     29.960  0.000e+00
    24.1606     20.496   40.59862  -70.99662    247.249     7.9118      8.151    16.5284    33.0929          7     29.960  0.000e+00
    24.1603     20.451   40.59862  -70.99662    247.237     7.9115      8.146    16.5254    33.0916          7     29.894  0.000e+00
    24.1601     20.496   40.59862  -70.99662    247.226     7.9111      8.146    16.5226    33.0905          7     29.960  0.000e+00
    24.1594     20.496   40.59862  -70.99662    247.238     7.9115      8.146    16.5178    33.0882          7     29.960  0.000e+00
    24.1607     20.451   40.59862  -70.99662    247.262     7.9123      8.146    16.5103    33.0876          7     29.894  0.000e+00
    24.1635     20.451   40.59862  -70.99662    247.279     7.9128      8.146    16.5036    33.0893          7     29.894  0.000e+00
    24.1637     20.496   40.59862  -70.99662    247.277     7.9127      8.146    16.5014    33.0888          7     29.960  0.000e+00
    24.1633     20.451   40.59862  -70.99662    247.285     7.9130      8.146    16.4994    33.0876          7     29.894  0.000e+00
    24.1630     20.451   40.59862  -70.99662    247.283     7.9129      8.151    16.4995    33.0873          7     29.894  0.000e+00
    24.1634     20.451   40.59862  -70.99662    247.272     7.9126      8.146    16.5009    33.0883          7     29.894  0.000e+00
    24.1637     20.451   40.59862  -70.99662    247.267     7.9124      8.146    16.5015    33.0889          7     29.894  0.000e+00
    24.1634     20.419   40.59862  -70.99662    247.253     7.9120      8.146    16.5014    33.0884          7     29.847  0.000e+00
    24.1619     20.451   40.59862  -70.99662    247.244     7.9117      8.151    16.5013    33.0864          7     29.894  0.000e+00
    24.1609     20.406   40.59862  -70.99662    247.248     7.9118      8.146    16.5005    33.0849          7     29.828  0.000e+00
    24.1611     20.406   40.59862  -70.99662    247.242     7.9116      8.155    16.5015    33.0854          7     29.828  0.000e+00
