cruise2/ctd/proc/sixv0.cnv
* Sea-Bird SBE 9 Data File:
* FileName = C:\Users\Tech\Documents\DataFiles\SBE 9\six.hex
* Software Version Seasave V 7.26.7.107
* Temperature SN = 2735
* Conductivity SN = 2257
* Number of Bytes Per Scan = 44
* Number of Voltage Words = 4
* Number of Scans Averaged by the Deck Unit = 1
* NMEA Latitude = 40 46.62 N
* NMEA Longitude = 071 00.05 W
* NMEA UTC (Time) = Oct 11 2022  19:26:53
* NMEA baud rate = 4800
# nquan = 12
# nvalues = 19166                                 
# units = specified
# name 0 = sigma-t00: Density [sigma-t, kg/m^3 ]
# name 1 = depSM: Depth [salt water, m]
# name 2 = latitude: Latitude [deg]
# name 3 = longitude: Longitude [deg]
# name 4 = sbeox0Mm/L: Oxygen, SBE 43 [umol/l]
# name 5 = sbeox0Mg/L: Oxygen, SBE 43 [mg/l]
# name 6 = ph: pH
# name 7 = t090C: Temperature [ITS-90, deg C]
# name 8 = sal00: Salinity, Practical [PSU]
# name 9 = nbf: Bottles Fired
# name 10 = prDE: Pressure, Digiquartz [psi]
# name 11 = flag:  0.000e+00
# span 0 =    23.9091,    24.2923                 
# span 1 =      0.111,     51.108                 
# span 2 =   40.77570,   40.77704                 
# span 3 =  -71.00082,  -70.99994                 
# span 4 =    220.789,    270.504                 
# span 5 =     7.0651,     8.6560                 
# span 6 =      8.030,      8.148                 
# span 7 =    15.6767,    16.6877                 
# span 8 =    32.7314,    33.1598                 
# span 9 =          0,          9                 
# span 10 =      0.162,     74.713                
# span 11 = 0.0000e+00, 0.0000e+00                
# interval = seconds: 0.0416667
# start_time = Oct 11 2022 19:26:56 [System UTC, header]
# bad_flag = -9.990e-29
*END*
[from data line 9985]
    24.2719     50.759   40.77630  -71.00036    229.225     7.3351      8.058    15.7373    33.0044          1     74.203  0.000e+00
    24.2711     50.772   40.77630  -71.00036    229.025     7.3287      8.058    15.7395    33.0040          1     74.222  0.000e+00
    24.2707     50.772   40.77630  -71.00036    229.079     7.3304      8.058    15.7409    33.0038          1     74.222  0.000e+00
    24.2698     50.727   40.77630  -71.00036    229.023     7.3286      8.058    15.7426    33.0031          1     74.156  0.000e+00
    24.2689     50.714   40.77630  -71.00036    228.703     7.3184      8.058    15.7432    33.0023          1     74.137  0.000e+00
    24.2683     50.727   40.77630  -71.00036    228.494     7.3117      8.058    15.7430    33.0014          1     74.156  0.000e+00
    24.2685     50.676   40.77630  -71.00036    228.531     7.3129      8.058    15.7434    33.0017          1     74.081  0.000e+00
    24.2683     50.727   40.77630  -71.00036    228.444     7.3101      8.058    15.7451    33.0020          1     74.156  0.000e+00
    24.2676     50.669   40.77630  -71.00036    228.235     7.3034      8.057    15.7466    33.0015          1     74.071  0.000e+00
    24.2675     50.631   40.77630  -71.00036    228.151     7.3007      8.057    15.7470    33.0015          1     74.015  0.000e+00
    24.2674     50.631   40.77630  -71.00036    227.942     7.2940      8.057    15.7461    33.0011          1     74.015  0.000e+00
    24.2682     50.669   40.77630  -71.00036    227.864     7.2916      8.057    15.7457    33.0020          1     74.071  0.000e+00
    24.2678     50.586   40.77630  -71.00036    227.633     7.2842      8.057    15.7463    33.0017          1     73.949  0.000e+00
    24.2676     50.631   40.77630  -71.00036    227.393     7.2765      8.062    15.7468    33.0016          1     74.015  0.000e+00
    24.2675     50.586   40.77630  -71.00036    227.303     7.2736      8.057    15.7469    33.0014          1     73.949  0.000e+00
    24.2675     50.573   40.77630  -71.00036    227.084     7.2666      8.057    15.7468    33.0015          1     73.931  0.000e+00
    24.2676     50.534   40.77630  -71.00036    226.989     7.2636      8.057    15.7463    33.0014          1     73.874  0.000e+00
    24.2676     50.586   40.77628  -71.00036    226.900     7.2607      8.057    15.7459    33.0013          1     73.949  0.000e+00
    24.2678     50.534   40.77628  -71.00036    226.674     7.2535      8.057    15.7461    33.0016          1     73.874  0.000e+00
    24.2673     50.528   40.77628  -71.00036    226.578     7.2504      8.057    15.7485    33.0017          1     73.865  0.000e+00
    24.2661     50.490   40.77628  -71.00036    226.470     7.2469      8.057    15.7513    33.0009          1     73.809  0.000e+00
    24.2650     50.490   40.77628  -71.00036    226.248     7.2398      8.057    15.7539    33.0002          1     73.809  0.000e+00
    24.2644     50.490   40.77628  -71.00036    226.022     7.2326      8.057    15.7557    32.9999          1     73.809  0.000e+00
    24.2644     50.483   40.77628  -71.00036    225.810     7.2258      8.057    15.7556    33.0000          1     73.799  0.000e+00
    24.2645     50.490   40.77628  -71.00036    225.843     7.2269      8.057    15.7558    33.0002          1     73.809  0.000e+00
    24.2648     50.445   40.77628  -71.00036    225.639     7.2204      8.057    15.7563    33.0007          1     73.743  0.000e+00
    24.2644     50.445   40.77628  -71.00036    225.549     7.2175      8.057    15.7572    33.0004          1     73.743  0.000e+00
    24.2638     50.432   40.77628  -71.00036    225.343     7.2109      8.053    15.7585    33.0000          1     73.724  0.000e+00
    24.2635     50.445   40.77628  -71.00036    225.266     7.2084      8.057    15.7596    32.9999          1     73.743  0.000e+00
    24.2629     50.393   40.77628  -71.00036    225.060     7.2018      8.057    15.7609    32.9995          1     73.668  0.000e+00
    24.2624     50.445   40.77628  -71.00036    224.852     7.1952      8.057    15.7620    32.9992          1     73.743  0.000e+00
    24.2622     50.387   40.77628  -71.00036    224.905     7.1969      8.057    15.7626    32.9991          1     73.658  0.000e+00
    24.2618     50.393   40.77628  -71.00036    224.713     7.1907      8.057    15.7637    32.9988          1     73.668  0.000e+00
    24.2615     50.393   40.77628  -71.00036    224.650     7.1887      8.057    15.7644    32.9986          1     73.668  0.000e+00
    24.2609     50.393   40.77628  -71.00036    224.477     7.1832      8.057    15.7652    32.9982          1     73.668  0.000e+00
    24.2608     50.387   40.77628  -71.00036    224.287     7.1771      8.057    15.7655    32.9981          1     73.658  0.000e+00
    24.2610     50.348   40.77628  -71.00036    224.360     7.1794      8.057    15.7655    32.9984          1     73.602  0.000e+00
    24.2608     50.393   40.77628  -71.00036    224.340     7.1788      8.057    15.7655    32.9982          1     73.668  0.000e+00
    24.2608     50.342   40.77628  -71.00036    224.191     7.1740      8.057    15.7659    32.9982          1     73.593  0.000e+00
    24.2611     50.393   40.77628  -71.00036    224.029     7.1688      8.057    15.7659    32.9986          1     73.668  0.000e+00
    24.2610     50.348   40.77628  -71.00036    224.010     7.1682      8.057    15.7657    32.9984          1     73.602  0.000e+00
    24.2608     50.348   40.77628  -71.00036    224.003     7.1680      8.057    15.7655    32.9982          1     73.602  0.000e+00
    24.2615     50.342   40.77628  -71.00036    223.994     7.1677      8.057    15.7647    32.9988          1     73.593  0.000e+00
    24.2620     50.348   40.77628  -71.00036    223.998     7.1678      8.057    15.7637    32.9992          1     73.602  0.000e+00
    24.2622     50.393   40.77628  -71.00036    223.874     7.1639      8.057    15.7638    32.9995          1     73.668  0.000e+00
    24.2625     50.348   40.77628  -71.00036    223.881     7.1641      8.057    15.7633    32.9997          1     73.602  0.000e+00
    24.2626     50.342   40.77628  -71.00036    223.902     7.1648      8.057    15.7625    32.9996          1     73.593  0.000e+00
    24.2623     50.348   40.77628  -71.00036    223.923     7.1654      8.057    15.7613    32.9989          1     73.602  0.000e+00
    24.2625     50.393   40.77628  -71.00036    223.953     7.1664      8.067    15.7603    32.9988          1     73.668  0.000e+00
    24.2628     50.348   40.77628  -71.00036    223.988     7.1675      8.057    15.7598    32.9991          1     73.602  0.000e+00
    24.2623     50.342   40.77628  -71.00036    224.009     7.1682      8.057    15.7616    32.9989          1     73.593  0.000e+00
    24.2617     50.393   40.77628  -71.00036    223.923     7.1654      8.057    15.7633    32.9987          1     73.668  0.000e+00
    24.2627     50.393   40.77628  -71.00036    223.981     7.1673      8.057    15.7618    32.9995          1     73.668  0.000e+00
    24.2632     50.348   40.77628  -71.00036    224.019     7.1685      8.057    15.7604    32.9997          1     73.602  0.000e+00
    24.2620     50.432   40.77628  -71.00036    224.046     7.1694      8.057    15.7618    32.9986          1     73.724  0.000e+00
    24.2608     50.393   40.77628  -71.00036    224.089     7.1707      8.057    15.7638    32.9977          1     73.668  0.000e+00
    24.2608     50.393   40.77628  -71.00036    224.281     7.1769      8.057    15.7645    32.9978          1     73.668  0.000e+00
    24.2612     50.387   40.77628  -71.00036    224.223     7.1750      8.057    15.7635    32.9980          1     73.658  0.000e+00
    24.2615     50.445   40.77628  -71.00036    224.300     7.1775      8.057    15.7616    32.9979          1     73.743  0.000e+00
    24.2621     50.445   40.77628  -71.00036    224.501     7.1839      8.062    15.7601    32.9983          1     73.743  0.000e+00
    24.2630     50.393   40.77628  -71.00036    224.589     7.1868      8.057    15.7585    32.9989          1     73.668  0.000e+00
    24.2634     50.432   40.77628  -71.00036    224.670     7.1894      8.057    15.7577    32.9993          1     73.724  0.000e+00
    24.2634     50.490   40.77628  -71.00036    224.610     7.1874      8.057    15.7574    32.9992          1     73.809  0.000e+00
    24.2643     50.445   40.77628  -71.00036    224.678     7.1896      8.062    15.7558    32.9999          1     73.743  0.000e+00
    24.2643     50.445   40.77628  -71.00034    224.870     7.1958      8.057    15.7555    32.9998          1     73.743  0.000e+00
    24.2641     50.483   40.77628  -71.00034    224.946     7.1982      8.057    15.7558    32.9996          1     73.799  0.000e+00
    24.2644     50.490   40.77628  -71.00034    225.166     7.2052      8.057    15.7552    32.9997          1     73.809  0.000e+00
    24.2646     50.490   40.77628  -71.00034    225.122     7.2038      8.057    15.7548    32.9999          1     73.809  0.000e+00
    24.2650     50.534   40.77628  -71.00034    225.206     7.2065      8.057    15.7541    33.0002          1     73.874  0.000e+00
    24.2650     50.528   40.77628  -71.00034    225.424     7.2135      8.057    15.7543    33.0003          1     73.865  0.000e+00
    24.2650     50.490   40.77628  -71.00034    225.512     7.2163      8.057    15.7546    33.0004          1     73.809  0.000e+00
    24.2648     50.534   40.77628  -71.00034    225.593     7.2189      8.057    15.7548    33.0003          1     73.874  0.000e+00
    24.2647     50.586   40.77628  -71.00034    225.666     7.2212      8.062    15.7545    33.0000          1     73.949  0.000e+00
    24.2651     50.528   40.77628  -71.00034    225.889     7.2283      8.062    15.7539    33.0003          1     73.865  0.000e+00
    24.2652     50.586   40.77628  -71.00034    225.847     7.2270      8.057    15.7539    33.0005          1     73.949  0.000e+00
    24.2650     50.586   40.77628  -71.00034    226.059     7.2338      8.057    15.7545    33.0004          1     73.949  0.000e+00
    24.2649     50.631   40.77628  -71.00034    226.141     7.2364      8.057    15.7550    33.0003          1     74.015  0.000e+00
    24.2648     50.573   40.77628  -71.00034    226.349     7.2431      8.062    15.7567    33.0007          1     73.931  0.000e+00
    24.2639     50.631   40.77628  -71.00034    226.562     7.2499      8.057    15.7585    33.0001          1     74.015  0.000e+00
    24.2633     50.631   40.77628  -71.00034    226.644     7.2525      8.062    15.7596    32.9996          1     74.015  0.000e+00
    24.2631     50.631   40.77628  -71.00034    226.739     7.2556      8.057    15.7606    32.9997          1     74.015  0.000e+00
    24.2630     50.618   40.77628  -71.00034    226.696     7.2542      8.053    15.7598    32.9993          1     73.996  0.000e+00
    24.2637     50.676   40.77628  -71.00034    226.917     7.2612      8.057    15.7574    32.9995          1     74.081  0.000e+00
    24.2632     50.676   40.77628  -71.00034    226.990     7.2636      8.057    15.7575    32.9989          1     74.081  0.000e+00
    24.2635     50.669   40.77628  -71.00034    227.053     7.2656      8.057    15.7565    32.9991          1     74.071  0.000e+00
    24.2645     50.676   40.77628  -71.00034    227.139     7.2684      8.057    15.7534    32.9994          1     74.081  0.000e+00
    24.2663     50.676   40.77628  -71.00034    227.230     7.2713      8.057    15.7492    33.0005          1     74.081  0.000e+00
    24.2675     50.727   40.77628  -71.00034    227.437     7.2779      8.057    15.7458    33.0011          1     74.156  0.000e+00
    24.2692     50.714   40.77628  -71.00034    227.374     7.2759      8.058    15.7421    33.0022          1     74.137  0.000e+00
    24.2698     50.727   40.77628  -71.00034    227.557     7.2817      8.058    15.7398    33.0024          1     74.156  0.000e+00
    24.2704     50.727   40.77628  -71.00034    227.753     7.2880      8.058    15.7373    33.0024          1     74.156  0.000e+00
    24.2712     50.727   40.77628  -71.00034    227.821     7.2902      8.058    15.7357    33.0030          1     74.156  0.000e+00
    24.2723     50.714   40.77628  -71.00034    227.746     7.2878      8.058    15.7350    33.0042          1     74.137  0.000e+00
    24.2734     50.772   40.77628  -71.00034    227.780     7.2889      8.058    15.7337    33.0053          1     74.222  0.000e+00
    24.2735     50.727   40.77628  -71.00034    227.938     7.2939      8.058    15.7335    33.0054          1     74.156  0.000e+00
    24.2736     50.772   40.77628  -71.00034    227.976     7.2951      8.058    15.7332    33.0054          1     74.222  0.000e+00
    24.2740     50.759   40.77628  -71.00034    228.008     7.2962      8.053    15.7329    33.0059          1     74.203  0.000e+00
    24.2741     50.727   40.77628  -71.00034    228.036     7.2971      8.058    15.7327    33.0059          1     74.156  0.000e+00
    24.2741     50.772   40.77628  -71.00034    228.059     7.2978      8.058    15.7332    33.0061          1     74.222  0.000e+00
    24.2732     50.772   40.77628  -71.00034    228.077     7.2983      8.058    15.7342    33.0052          1     74.222  0.000e+00
    24.2728     50.759   40.77628  -71.00034    228.073     7.2982      8.058    15.7355    33.0050          1     74.203  0.000e+00
    24.2719     50.772   40.77628  -71.00034    228.067     7.2980      8.058    15.7370    33.0043          1     74.222  0.000e+00
    24.2711     50.772   40.77628  -71.00034    228.055     7.2976      8.058    15.7386    33.0038          1     74.222  0.000e+00
    24.2701     50.727   40.77628  -71.00034    228.041     7.2972      8.058    15.7396    33.0027          1     74.156  0.000e+00
    24.2698     50.759   40.77628  -71.00034    228.031     7.2969      8.058    15.7396    33.0023          1     74.203  0.000e+00
    24.2702     50.772   40.77628  -71.00034    228.028     7.2968      8.058    15.7395    33.0028          1     74.222  0.000e+00
    24.2703     50.727   40.77628  -71.00034    228.004     7.2960      8.058    15.7400    33.0030          1     74.156  0.000e+00
    24.2692     50.772   40.77628  -71.00034    228.106     7.2993      8.058    15.7421    33.0022          1     74.222  0.000e+00
    24.2688     50.759   40.77628  -71.00034    228.094     7.2989      8.058    15.7442    33.0023          1     74.203  0.000e+00
    24.2680     50.727   40.77628  -71.00034    227.945     7.2941      8.057    15.7463    33.0019          1     74.156  0.000e+00
    24.2670     50.727   40.77628  -71.00034    227.915     7.2932      8.057    15.7481    33.0012          1     74.156  0.000e+00
    24.2668     50.727   40.77628  -71.00034    227.870     7.2917      8.057    15.7493    33.0012          1     74.156  0.000e+00
    24.2666     50.714   40.77628  -71.00034    227.822     7.2902      8.057    15.7500    33.0011          1     74.137  0.000e+00
    24.2659     50.727   40.77628  -71.00036    227.785     7.2890      8.057    15.7510    33.0006          1     74.156  0.000e+00
    24.2655     50.676   40.77628  -71.00036    227.743     7.2877      8.057    15.7519    33.0002          1     74.081  0.000e+00
    24.2655     50.727   40.77628  -71.00036    227.582     7.2825      8.057    15.7526    33.0005          1     74.156  0.000e+00
    24.2651     50.669   40.77628  -71.00036    227.520     7.2805      8.067    15.7534    33.0002          1     74.071  0.000e+00
    24.2651     50.676   40.77628  -71.00036    227.458     7.2786      8.057    15.7541    33.0004          1     74.081  0.000e+00
    24.2649     50.676   40.77628  -71.00036    227.408     7.2770      8.057    15.7546    33.0003          1     74.081  0.000e+00
    24.2648     50.676   40.77628  -71.00036    227.357     7.2753      8.057    15.7550    33.0003          1     74.081  0.000e+00
