cruise2/ctd/proc/sixv0.cnv
* Sea-Bird SBE 9 Data File:
* FileName = C:\Users\Tech\Documents\DataFiles\SBE 9\six.hex
* Software Version Seasave V 7.26.7.107
* Temperature SN = 2735
* Conductivity SN = 2257
* Number of Bytes Per Scan = 44
* Number of Voltage Words = 4
* Number of Scans Averaged by the Deck Unit = 1
* NMEA Latitude = 40 46.62 N
* NMEA Longitude = 071 00.05 W
* NMEA UTC (Time) = Oct 11 2022  19:26:53
* NMEA baud rate = 4800
# nquan = 12
# nvalues = 19166                                 
# units = specified
# name 0 = sigma-t00: Density [sigma-t, kg/m^3 ]
# name 1 = depSM: Depth [salt water, m]
# name 2 = latitude: Latitude [deg]
# name 3 = longitude: Longitude [deg]
# name 4 = sbeox0Mm/L: Oxygen, SBE 43 [umol/l]
# name 5 = sbeox0Mg/L: Oxygen, SBE 43 [mg/l]
# name 6 = ph: pH
# name 7 = t090C: Temperature [ITS-90, deg C]
# name 8 = sal00: Salinity, Practical [PSU]
# name 9 = nbf: Bottles Fired
# name 10 = prDE: Pressure, Digiquartz [psi]
# name 11 = flag:  0.000e+00
# span 0 =    23.9091,    24.2923                 
# span 1 =      0.111,     51.108                 
# span 2 =   40.77570,   40.77704                 
# span 3 =  -71.00082,  -70.99994                 
# span 4 =    220.789,    270.504                 
# span 5 =     7.0651,     8.6560                 
# span 6 =      8.030,      8.148                 
# span 7 =    15.6767,    16.6877                 
# span 8 =    32.7314,    33.1598                 
# span 9 =          0,          9                 
# span 10 =      0.162,     74.713                
# span 11 = 0.0000e+00, 0.0000e+00                
# interval = seconds: 0.0416667
# start_time = Oct 11 2022 19:26:56 [System UTC, header]
# bad_flag = -9.990e-29
*END*
[from data line 5655]
    24.2815     50.591   40.77660  -71.00060    224.499     7.1839      8.053    15.7051    33.0076          0     73.957  0.000e+00
    24.2811     50.591   40.77660  -71.00060    224.503     7.1840      8.053    15.7056    33.0072          0     73.957  0.000e+00
    24.2809     50.591   40.77660  -71.00060    224.505     7.1841      8.053    15.7057    33.0069          0     73.957  0.000e+00
    24.2806     50.578   40.77660  -71.00060    224.502     7.1840      8.048    15.7061    33.0067          0     73.938  0.000e+00
    24.2812     50.591   40.77660  -71.00060    224.512     7.1843      8.048    15.7060    33.0074          0     73.957  0.000e+00
    24.2810     50.636   40.77660  -71.00060    224.504     7.1840      8.053    15.7064    33.0072          0     74.022  0.000e+00
    24.2806     50.591   40.77660  -71.00060    224.623     7.1878      8.053    15.7070    33.0070          0     73.957  0.000e+00
    24.2796     50.623   40.77660  -71.00060    224.499     7.1839      8.053    15.7080    33.0059          0     74.003  0.000e+00
    24.2809     50.636   40.77660  -71.00060    224.502     7.1840      8.053    15.7065    33.0071          0     74.022  0.000e+00
    24.2814     50.591   40.77660  -71.00060    224.502     7.1839      8.048    15.7050    33.0074          0     73.957  0.000e+00
    24.2809     50.636   40.77660  -71.00060    224.497     7.1838      8.053    15.7044    33.0066          0     74.022  0.000e+00
    24.2818     50.674   40.77660  -71.00060    224.497     7.1838      8.053    15.7023    33.0071          0     74.079  0.000e+00
    24.2825     50.636   40.77660  -71.00060    224.622     7.1878      8.053    15.7005    33.0075          0     74.022  0.000e+00
    24.2829     50.636   40.77660  -71.00060    224.623     7.1878      8.048    15.6995    33.0077          0     74.022  0.000e+00
    24.2832     50.636   40.77660  -71.00060    224.485     7.1834      8.048    15.6987    33.0079          0     74.022  0.000e+00
    24.2835     50.674   40.77660  -71.00060    224.464     7.1827      8.048    15.6981    33.0081          0     74.078  0.000e+00
    24.2838     50.681   40.77660  -71.00060    224.573     7.1862      8.053    15.6975    33.0083          0     74.088  0.000e+00
    24.2841     50.636   40.77660  -71.00060    224.570     7.1861      8.053    15.6971    33.0085          0     74.022  0.000e+00
    24.2844     50.681   40.77660  -71.00060    224.550     7.1855      8.053    15.6973    33.0090          0     74.088  0.000e+00
    24.2842     50.674   40.77660  -71.00060    224.539     7.1852      8.048    15.6976    33.0088          0     74.078  0.000e+00
    24.2840     50.681   40.77660  -71.00060    224.512     7.1843      8.048    15.6978    33.0086          0     74.088  0.000e+00
    24.2837     50.681   40.77660  -71.00060    224.348     7.1790      8.053    15.6981    33.0084          0     74.088  0.000e+00
    24.2835     50.681   40.77660  -71.00060    224.448     7.1822      8.053    15.6985    33.0082          0     74.088  0.000e+00
    24.2833     50.719   40.77660  -71.00060    224.560     7.1858      8.053    15.6988    33.0080          0     74.144  0.000e+00
    24.2834     50.681   40.77660  -71.00060    224.551     7.1855      8.053    15.6983    33.0080          0     74.088  0.000e+00
    24.2839     50.732   40.77660  -71.00060    224.540     7.1852      8.053    15.6978    33.0085          0     74.163  0.000e+00
    24.2838     50.719   40.77660  -71.00060    224.386     7.1803      8.048    15.6981    33.0085          0     74.144  0.000e+00
    24.2839     50.681   40.77660  -71.00060    224.366     7.1796      8.053    15.6980    33.0085          0     74.088  0.000e+00
    24.2838     50.732   40.77660  -71.00060    224.344     7.1789      8.053    15.6981    33.0085          0     74.163  0.000e+00
    24.2838     50.681   40.77660  -71.00060    224.451     7.1823      8.053    15.6983    33.0085          0     74.088  0.000e+00
    24.2836     50.764   40.77660  -71.00060    224.439     7.1819      8.053    15.6985    33.0083          0     74.210  0.000e+00
    24.2841     50.681   40.77660  -71.00060    224.438     7.1819      8.048    15.6976    33.0088          0     74.088  0.000e+00
    24.2840     50.732   40.77660  -71.00060    224.437     7.1819      8.053    15.6973    33.0085          0     74.163  0.000e+00
    24.2839     50.777   40.77660  -71.00060    224.431     7.1817      8.053    15.6973    33.0083          0     74.229  0.000e+00
    24.2842     50.719   40.77660  -71.00060    224.422     7.1814      8.053    15.6969    33.0087          0     74.144  0.000e+00
    24.2840     50.732   40.77660  -71.00060    224.423     7.1814      8.053    15.6973    33.0085          0     74.163  0.000e+00
    24.2841     50.732   40.77660  -71.00060    224.407     7.1809      8.048    15.6978    33.0087          0     74.163  0.000e+00
    24.2839     50.732   40.77660  -71.00060    224.391     7.1804      8.053    15.6981    33.0087          0     74.163  0.000e+00
    24.2844     50.764   40.77660  -71.00060    224.507     7.1841      8.053    15.6980    33.0092          0     74.210  0.000e+00
    24.2839     50.732   40.77660  -71.00060    224.377     7.1800      8.053    15.6987    33.0088          0     74.163  0.000e+00
    24.2840     50.732   40.77660  -71.00060    224.366     7.1796      8.053    15.6992    33.0091          0     74.163  0.000e+00
    24.2846     50.777   40.77660  -71.00060    224.372     7.1798      8.048    15.6990    33.0097          0     74.229  0.000e+00
    24.2861     50.719   40.77660  -71.00060    224.366     7.1796      8.053    15.6973    33.0113          0     74.144  0.000e+00
    24.2856     50.732   40.77660  -71.00060    224.350     7.1791      8.053    15.6981    33.0108          0     74.163  0.000e+00
    24.2842     50.777   40.77660  -71.00060    224.465     7.1828      8.053    15.6997    33.0095          0     74.229  0.000e+00
    24.2828     50.732   40.77660  -71.00060    224.321     7.1782      8.053    15.7014    33.0081          0     74.163  0.000e+00
    24.2821     50.764   40.77660  -71.00060    224.313     7.1779      8.048    15.7026    33.0076          0     74.210  0.000e+00
    24.2818     50.732   40.77660  -71.00060    224.319     7.1781      8.053    15.7031    33.0074          0     74.163  0.000e+00
    24.2818     50.732   40.77660  -71.00060    224.309     7.1778      8.053    15.7038    33.0075          0     74.163  0.000e+00
    24.2815     50.777   40.77660  -71.00060    224.302     7.1776      8.053    15.7041    33.0072          0     74.229  0.000e+00
    24.2808     50.719   40.77660  -71.00060    224.425     7.1815      8.053    15.7046    33.0065          0     74.144  0.000e+00
    24.2813     50.777   40.77660  -71.00060    224.432     7.1817      8.048    15.7041    33.0070          0     74.228  0.000e+00
    24.2813     50.732   40.77660  -71.00060    224.299     7.1775      8.053    15.7043    33.0071          0     74.163  0.000e+00
    24.2818     50.732   40.77660  -71.00060    224.285     7.1770      8.053    15.7043    33.0077          0     74.163  0.000e+00
    24.2818     50.719   40.77660  -71.00060    224.272     7.1766      8.053    15.7041    33.0077          0     74.144  0.000e+00
    24.2811     50.732   40.77660  -71.00060    224.269     7.1765      8.053    15.7050    33.0070          0     74.163  0.000e+00
    24.2811     50.732   40.77660  -71.00060    224.251     7.1759      8.048    15.7055    33.0071          0     74.163  0.000e+00
    24.2808     50.732   40.77660  -71.00060    224.231     7.1753      8.053    15.7062    33.0069          0     74.163  0.000e+00
    24.2801     50.719   40.77660  -71.00060    224.076     7.1703      8.053    15.7070    33.0063          0     74.144  0.000e+00
    24.2801     50.732   40.77660  -71.00060    224.179     7.1736      8.053    15.7068    33.0062          0     74.163  0.000e+00
    24.2801     50.680   40.77660  -71.00060    224.158     7.1729      8.048    15.7069    33.0062          0     74.088  0.000e+00
    24.2805     50.732   40.77660  -71.00060    224.156     7.1729      8.048    15.7061    33.0065          0     74.163  0.000e+00
    24.2806     50.674   40.77660  -71.00060    224.147     7.1726      8.044    15.7062    33.0066          0     74.078  0.000e+00
    24.2808     50.732   40.77660  -71.00060    224.127     7.1720      8.053    15.7061    33.0069          0     74.163  0.000e+00
    24.2810     50.680   40.77660  -71.00060    224.104     7.1712      8.053    15.7058    33.0071          0     74.088  0.000e+00
    24.2807     50.680   40.77660  -71.00060    224.093     7.1709      8.053    15.7061    33.0068          0     74.088  0.000e+00
    24.2810     50.674   40.77660  -71.00060    224.083     7.1705      8.048    15.7060    33.0071          0     74.078  0.000e+00
    24.2807     50.635   40.77660  -71.00060    224.068     7.1701      8.044    15.7066    33.0069          0     74.022  0.000e+00
    24.2806     50.680   40.77660  -71.00060    224.055     7.1697      8.053    15.7070    33.0069          0     74.088  0.000e+00
    24.2804     50.635   40.77660  -71.00060    224.041     7.1692      8.053    15.7073    33.0068          0     74.022  0.000e+00
    24.2802     50.674   40.77660  -71.00060    224.013     7.1683      8.048    15.7077    33.0066          0     74.078  0.000e+00
    24.2802     50.635   40.77660  -71.00060    223.996     7.1678      8.053    15.7082    33.0068          0     74.022  0.000e+00
    24.2802     50.635   40.77660  -71.00060    223.995     7.1677      8.053    15.7084    33.0068          0     74.022  0.000e+00
    24.2800     50.591   40.77660  -71.00060    223.993     7.1677      8.053    15.7087    33.0066          0     73.956  0.000e+00
    24.2797     50.623   40.77660  -71.00060    223.991     7.1676      8.048    15.7092    33.0064          0     74.003  0.000e+00
    24.2796     50.635   40.77660  -71.00060    223.976     7.1671      8.053    15.7094    33.0063          0     74.022  0.000e+00
    24.2796     50.591   40.77660  -71.00060    223.959     7.1666      8.053    15.7095    33.0064          0     73.956  0.000e+00
    24.2797     50.591   40.77660  -71.00060    223.811     7.1618      8.053    15.7094    33.0064          0     73.956  0.000e+00
    24.2801     50.578   40.77660  -71.00060    223.931     7.1657      8.053    15.7090    33.0068          0     73.937  0.000e+00
    24.2797     50.590   40.77660  -71.00060    223.929     7.1656      8.048    15.7094    33.0064          0     73.956  0.000e+00
    24.2800     50.539   40.77660  -71.00060    223.927     7.1656      8.053    15.7092    33.0067          0     73.881  0.000e+00
    24.2799     50.578   40.77660  -71.00060    223.928     7.1656      8.053    15.7089    33.0066          0     73.937  0.000e+00
    24.2800     50.539   40.77660  -71.00060    223.928     7.1656      8.053    15.7085    33.0065          0     73.881  0.000e+00
    24.2800     50.539   40.77660  -71.00060    223.793     7.1613      8.048    15.7085    33.0066          0     73.881  0.000e+00
    24.2803     50.539   40.77660  -71.00060    223.912     7.1651      8.058    15.7085    33.0070          0     73.881  0.000e+00
    24.2796     50.578   40.77660  -71.00060    223.775     7.1607      8.048    15.7094    33.0063          0     73.937  0.000e+00
    24.2797     50.494   40.77660  -71.00060    223.759     7.1602      8.048    15.7094    33.0064          0     73.815  0.000e+00
    24.2798     50.539   40.77660  -71.00060    223.762     7.1603      8.053    15.7092    33.0065          0     73.881  0.000e+00
    24.2797     50.539   40.77660  -71.00060    223.751     7.1599      8.053    15.7091    33.0064          0     73.881  0.000e+00
    24.2799     50.488   40.77660  -71.00060    223.872     7.1638      8.058    15.7090    33.0066          0     73.806  0.000e+00
    24.2797     50.539   40.77660  -71.00060    223.742     7.1596      8.048    15.7091    33.0064          0     73.881  0.000e+00
    24.2797     50.494   40.77660  -71.00060    223.729     7.1592      8.053    15.7092    33.0064          0     73.815  0.000e+00
    24.2801     50.494   40.77660  -71.00060    223.853     7.1632      8.053    15.7089    33.0068          0     73.815  0.000e+00
    24.2798     50.488   40.77660  -71.00060    223.869     7.1637      8.053    15.7094    33.0066          0     73.806  0.000e+00
    24.2800     50.494   40.77660  -71.00060    223.873     7.1638      8.039    15.7093    33.0068          0     73.815  0.000e+00
    24.2799     50.539   40.77660  -71.00060    223.879     7.1640      8.053    15.7092    33.0066          0     73.881  0.000e+00
    24.2799     50.449   40.77660  -71.00060    223.746     7.1598      8.048    15.7093    33.0067          0     73.750  0.000e+00
    24.2799     50.533   40.77660  -71.00060    223.740     7.1596      8.053    15.7092    33.0066          0     73.872  0.000e+00
    24.2794     50.494   40.77660  -71.00060    223.864     7.1635      8.053    15.7094    33.0061          0     73.815  0.000e+00
    24.2796     50.494   40.77660  -71.00060    223.886     7.1643      8.035    15.7089    33.0062          0     73.815  0.000e+00
    24.2801     50.494   40.77660  -71.00060    223.907     7.1649      8.048    15.7085    33.0067          0     73.815  0.000e+00
    24.2800     50.488   40.77660  -71.00060    223.913     7.1651      8.053    15.7085    33.0065          0     73.806  0.000e+00
    24.2799     50.494   40.77660  -71.00060    224.053     7.1696      8.048    15.7087    33.0065          0     73.815  0.000e+00
    24.2798     50.494   40.77660  -71.00060    223.937     7.1659      8.053    15.7091    33.0065          0     73.815  0.000e+00
    24.2796     50.539   40.77660  -71.00060    224.077     7.1704      8.048    15.7092    33.0063          0     73.881  0.000e+00
    24.2801     50.488   40.77660  -71.00060    224.096     7.1710      8.048    15.7087    33.0068          0     73.806  0.000e+00
    24.2799     50.494   40.77660  -71.00060    224.115     7.1716      8.053    15.7087    33.0065          0     73.815  0.000e+00
    24.2800     50.539   40.77660  -71.00060    224.122     7.1718      8.053    15.7082    33.0065          0     73.881  0.000e+00
    24.2801     50.488   40.77660  -71.00060    224.140     7.1724      8.048    15.7078    33.0064          0     73.806  0.000e+00
    24.2800     50.539   40.77660  -71.00060    224.157     7.1729      8.053    15.7079    33.0063          0     73.881  0.000e+00
    24.2802     50.539   40.77660  -71.00060    224.173     7.1734      8.053    15.7077    33.0065          0     73.881  0.000e+00
    24.2800     50.539   40.77660  -71.00060    224.189     7.1739      8.053    15.7075    33.0063          0     73.881  0.000e+00
    24.2803     50.533   40.77660  -71.00060    224.206     7.1745      8.053    15.7070    33.0065          0     73.872  0.000e+00
    24.2816     50.539   40.77660  -71.00060    224.227     7.1752      8.053    15.7051    33.0077          0     73.881  0.000e+00
    24.2821     50.539   40.77660  -71.00060    224.246     7.1758      8.048    15.7039    33.0079          0     73.881  0.000e+00
    24.2819     50.539   40.77660  -71.00060    224.264     7.1764      8.048    15.7029    33.0073          0     73.881  0.000e+00
    24.2820     50.578   40.77660  -71.00060    224.282     7.1769      8.044    15.7019    33.0073          0     73.937  0.000e+00
    24.2827     50.590   40.77660  -71.00060    224.301     7.1775      8.053    15.7003    33.0077          0     73.956  0.000e+00
    24.2832     50.590   40.77660  -71.00060    224.312     7.1779      8.053    15.7002    33.0083          0     73.956  0.000e+00
