cruise2/ctd/proc/sixv0.cnv
* Sea-Bird SBE 9 Data File:
* FileName = C:\Users\Tech\Documents\DataFiles\SBE 9\six.hex
* Software Version Seasave V 7.26.7.107
* Temperature SN = 2735
* Conductivity SN = 2257
* Number of Bytes Per Scan = 44
* Number of Voltage Words = 4
* Number of Scans Averaged by the Deck Unit = 1
* NMEA Latitude = 40 46.62 N
* NMEA Longitude = 071 00.05 W
* NMEA UTC (Time) = Oct 11 2022  19:26:53
* NMEA baud rate = 4800
# nquan = 12
# nvalues = 19166                                 
# units = specified
# name 0 = sigma-t00: Density [sigma-t, kg/m^3 ]
# name 1 = depSM: Depth [salt water, m]
# name 2 = latitude: Latitude [deg]
# name 3 = longitude: Longitude [deg]
# name 4 = sbeox0Mm/L: Oxygen, SBE 43 [umol/l]
# name 5 = sbeox0Mg/L: Oxygen, SBE 43 [mg/l]
# name 6 = ph: pH
# name 7 = t090C: Temperature [ITS-90, deg C]
# name 8 = sal00: Salinity, Practical [PSU]
# name 9 = nbf: Bottles Fired
# name 10 = prDE: Pressure, Digiquartz [psi]
# name 11 = flag:  0.000e+00
# span 0 =    23.9091,    24.2923                 
# span 1 =      0.111,     51.108                 
# span 2 =   40.77570,   40.77704                 
# span 3 =  -71.00082,  -70.99994                 
# span 4 =    220.789,    270.504                 
# span 5 =     7.0651,     8.6560                 
# span 6 =      8.030,      8.148                 
# span 7 =    15.6767,    16.6877                 
# span 8 =    32.7314,    33.1598                 
# span 9 =          0,          9                 
# span 10 =      0.162,     74.713                
# span 11 = 0.0000e+00, 0.0000e+00                
# interval = seconds: 0.0416667
# start_time = Oct 11 2022 19:26:56 [System UTC, header]
# bad_flag = -9.990e-29
*END*
[from data line 10587]
    24.2665     50.586   40.77624  -71.00032    228.358     7.3074      8.057    15.7513    33.0014          2     73.949  0.000e+00
    24.2672     50.631   40.77624  -71.00032    228.246     7.3038      8.062    15.7474    33.0012          2     74.015  0.000e+00
    24.2679     50.618   40.77624  -71.00032    228.240     7.3036      8.062    15.7453    33.0015          2     73.996  0.000e+00
    24.2686     50.631   40.77624  -71.00032    228.243     7.3037      8.062    15.7439    33.0020          2     74.015  0.000e+00
    24.2689     50.676   40.77624  -71.00032    228.245     7.3037      8.062    15.7428    33.0021          2     74.081  0.000e+00
    24.2694     50.573   40.77624  -71.00032    228.224     7.3031      8.062    15.7421    33.0026          2     73.931  0.000e+00
    24.2693     50.772   40.77624  -71.00032    228.203     7.3024      8.062    15.7427    33.0026          2     74.222  0.000e+00
    24.2691     50.676   40.77624  -71.00032    228.189     7.3019      8.062    15.7428    33.0023          2     74.081  0.000e+00
    24.2688     50.676   40.77624  -71.00032    228.175     7.3015      8.062    15.7431    33.0020          2     74.081  0.000e+00
    24.2689     50.759   40.77624  -71.00032    228.162     7.3011      8.062    15.7431    33.0021          2     74.203  0.000e+00
    24.2699     50.727   40.77624  -71.00032    228.154     7.3008      8.058    15.7409    33.0028          2     74.156  0.000e+00
    24.2715     50.727   40.77624  -71.00032    228.149     7.3007      8.062    15.7380    33.0040          2     74.156  0.000e+00
    24.2715     50.772   40.77624  -71.00032    228.150     7.3007      8.062    15.7369    33.0038          2     74.222  0.000e+00
    24.2715     50.759   40.77624  -71.00032    228.132     7.3001      8.062    15.7363    33.0036          2     74.203  0.000e+00
    24.2712     50.772   40.77624  -71.00032    228.127     7.3000      8.062    15.7359    33.0030          2     74.222  0.000e+00
    24.2721     50.772   40.77624  -71.00032    228.109     7.2994      8.062    15.7344    33.0038          2     74.222  0.000e+00
    24.2723     50.772   40.77624  -71.00032    228.104     7.2992      8.062    15.7332    33.0037          2     74.222  0.000e+00
    24.2724     50.811   40.77624  -71.00032    228.099     7.2991      8.058    15.7320    33.0034          2     74.278  0.000e+00
    24.2731     50.772   40.77624  -71.00032    228.090     7.2988      8.062    15.7306    33.0040          2     74.222  0.000e+00
    24.2737     50.817   40.77624  -71.00032    228.079     7.2984      8.062    15.7299    33.0045          2     74.287  0.000e+00
    24.2732     50.772   40.77624  -71.00032    228.060     7.2978      8.058    15.7304    33.0041          2     74.222  0.000e+00
    24.2726     50.811   40.77624  -71.00032    228.041     7.2972      8.062    15.7312    33.0035          2     74.278  0.000e+00
    24.2733     50.817   40.77624  -71.00032    228.024     7.2967      8.062    15.7308    33.0042          2     74.287  0.000e+00
    24.2714     50.817   40.77624  -71.00032    227.996     7.2958      8.062    15.7329    33.0025          2     74.287  0.000e+00
    24.2711     50.817   40.77624  -71.00032    227.976     7.2951      8.062    15.7330    33.0020          2     74.287  0.000e+00
    24.2730     50.811   40.77624  -71.00032    227.974     7.2951      8.062    15.7313    33.0041          2     74.278  0.000e+00
    24.2726     50.817   40.77624  -71.00032    227.961     7.2946      8.062    15.7324    33.0039          2     74.287  0.000e+00
    24.2718     50.817   40.77624  -71.00032    227.929     7.2936      8.062    15.7344    33.0033          2     74.287  0.000e+00
    24.2721     50.817   40.77624  -71.00032    227.899     7.2927      8.058    15.7354    33.0040          2     74.287  0.000e+00
    24.2716     50.811   40.77624  -71.00032    227.999     7.2959      8.058    15.7370    33.0039          2     74.278  0.000e+00
    24.2718     50.772   40.77624  -71.00032    227.999     7.2959      8.058    15.7369    33.0042          2     74.222  0.000e+00
    24.2712     50.817   40.77624  -71.00032    228.001     7.2959      8.058    15.7371    33.0034          2     74.287  0.000e+00
    24.2715     50.772   40.77624  -71.00032    228.010     7.2962      8.058    15.7376    33.0039          2     74.222  0.000e+00
    24.2707     50.811   40.77624  -71.00032    227.996     7.2958      8.058    15.7403    33.0037          2     74.278  0.000e+00
    24.2689     50.772   40.77624  -71.00032    227.974     7.2951      8.058    15.7442    33.0025          2     74.222  0.000e+00
    24.2684     50.772   40.77624  -71.00032    227.973     7.2950      8.067    15.7465    33.0025          2     74.222  0.000e+00
    24.2683     50.727   40.77624  -71.00032    227.976     7.2951      8.057    15.7475    33.0026          2     74.156  0.000e+00
    24.2680     50.759   40.77624  -71.00032    227.979     7.2952      8.057    15.7490    33.0027          2     74.203  0.000e+00
    24.2670     50.727   40.77624  -71.00032    227.978     7.2952      8.057    15.7509    33.0020          2     74.156  0.000e+00
    24.2667     50.772   40.77624  -71.00032    227.965     7.2948      8.057    15.7524    33.0020          2     74.222  0.000e+00
    24.2658     50.727   40.77624  -71.00032    227.962     7.2947      8.057    15.7543    33.0014          2     74.156  0.000e+00
    24.2657     50.669   40.77624  -71.00032    227.962     7.2947      8.057    15.7553    33.0015          2     74.072  0.000e+00
    24.2652     50.727   40.77624  -71.00032    227.832     7.2905      8.057    15.7562    33.0012          2     74.156  0.000e+00
    24.2650     50.676   40.77624  -71.00032    227.821     7.2902      8.057    15.7563    33.0010          2     74.081  0.000e+00
    24.2646     50.676   40.77624  -71.00032    227.953     7.2944      8.057    15.7555    33.0002          2     74.081  0.000e+00
    24.2645     50.669   40.77624  -71.00032    227.972     7.2950      8.057    15.7528    32.9993          2     74.072  0.000e+00
    24.2652     50.631   40.77624  -71.00032    227.856     7.2913      8.057    15.7499    32.9993          2     74.015  0.000e+00
    24.2658     50.631   40.77624  -71.00032    227.719     7.2869      8.057    15.7486    32.9997          2     74.015  0.000e+00
    24.2661     50.631   40.77624  -71.00032    227.832     7.2905      8.057    15.7483    33.0000          2     74.015  0.000e+00
    24.2675     50.618   40.77624  -71.00032    227.696     7.2862      8.057    15.7492    33.0021          2     73.996  0.000e+00
    24.2673     50.631   40.77624  -71.00032    227.659     7.2850      8.057    15.7524    33.0028          2     74.015  0.000e+00
    24.2663     50.586   40.77624  -71.00032    227.622     7.2838      8.057    15.7555    33.0024          2     73.950  0.000e+00
    24.2653     50.535   40.77624  -71.00032    227.590     7.2828      8.057    15.7577    33.0018          2     73.874  0.000e+00
    24.2647     50.573   40.77624  -71.00032    227.432     7.2777      8.057    15.7591    33.0013          2     73.931  0.000e+00
    24.2638     50.586   40.77624  -71.00032    227.261     7.2723      8.062    15.7604    33.0005          2     73.950  0.000e+00
    24.2633     50.535   40.77624  -71.00032    227.213     7.2707      8.057    15.7611    33.0001          2     73.874  0.000e+00
    24.2635     50.490   40.77624  -71.00032    227.168     7.2693      8.057    15.7613    33.0004          2     73.809  0.000e+00
    24.2634     50.528   40.77624  -71.00032    227.127     7.2680      8.057    15.7616    33.0003          2     73.865  0.000e+00
    24.2631     50.535   40.77624  -71.00032    227.089     7.2668      8.057    15.7616    32.9999          2     73.874  0.000e+00
    24.2630     50.490   40.77624  -71.00032    226.919     7.2613      8.057    15.7613    32.9998          2     73.809  0.000e+00
    24.2632     50.490   40.77624  -71.00032    226.734     7.2554      8.057    15.7618    33.0002          2     73.809  0.000e+00
    24.2623     50.432   40.77624  -71.00032    226.665     7.2532      8.057    15.7635    32.9996          2     73.724  0.000e+00
    24.2624     50.490   40.77624  -71.00032    226.605     7.2513      8.057    15.7645    32.9999          2     73.809  0.000e+00
    24.2619     50.445   40.77624  -71.00032    226.546     7.2494      8.053    15.7654    32.9995          2     73.743  0.000e+00
    24.2616     50.432   40.77624  -71.00032    226.359     7.2434      8.057    15.7659    32.9993          2     73.724  0.000e+00
    24.2609     50.445   40.77624  -71.00032    226.161     7.2370      8.057    15.7670    32.9987          2     73.743  0.000e+00
    24.2602     50.445   40.77624  -71.00032    226.085     7.2346      8.057    15.7681    32.9981          2     73.743  0.000e+00
    24.2602     50.393   40.77624  -71.00032    226.012     7.2323      8.057    15.7690    32.9983          2     73.668  0.000e+00
    24.2597     50.432   40.77624  -71.00032    225.945     7.2302      8.057    15.7701    32.9980          2     73.724  0.000e+00
    24.2581     50.393   40.77624  -71.00032    225.878     7.2280      8.057    15.7721    32.9965          2     73.668  0.000e+00
    24.2577     50.393   40.77624  -71.00032    225.687     7.2219      8.057    15.7727    32.9962          2     73.668  0.000e+00
    24.2578     50.348   40.77624  -71.00032    225.621     7.2198      8.057    15.7729    32.9964          2     73.602  0.000e+00
    24.2578     50.387   40.77624  -71.00032    225.564     7.2179      8.053    15.7727    32.9964          2     73.659  0.000e+00
    24.2577     50.393   40.77624  -71.00032    225.507     7.2161      8.057    15.7732    32.9963          2     73.668  0.000e+00
    24.2578     50.348   40.77624  -71.00032    225.455     7.2144      8.057    15.7733    32.9964          2     73.602  0.000e+00
    24.2577     50.348   40.77624  -71.00032    225.410     7.2130      8.057    15.7732    32.9963          2     73.602  0.000e+00
    24.2579     50.387   40.77624  -71.00032    225.370     7.2117      8.057    15.7730    32.9965          2     73.659  0.000e+00
    24.2577     50.348   40.77624  -71.00032    225.198     7.2062      8.057    15.7732    32.9963          2     73.602  0.000e+00
    24.2579     50.303   40.77624  -71.00032    225.167     7.2052      8.057    15.7731    32.9966          2     73.537  0.000e+00
    24.2582     50.348   40.77624  -71.00032    225.146     7.2046      8.057    15.7724    32.9967          2     73.602  0.000e+00
    24.2582     50.342   40.77624  -71.00032    225.263     7.2083      8.057    15.7718    32.9965          2     73.593  0.000e+00
    24.2578     50.348   40.77624  -71.00032    225.261     7.2083      8.062    15.7722    32.9961          2     73.602  0.000e+00
    24.2575     50.303   40.77624  -71.00032    225.131     7.2041      8.057    15.7723    32.9958          2     73.537  0.000e+00
    24.2570     50.342   40.77624  -71.00032    225.130     7.2041      8.062    15.7722    32.9951          2     73.593  0.000e+00
    24.2574     50.303   40.77624  -71.00032    225.138     7.2043      8.062    15.7708    32.9952          2     73.537  0.000e+00
    24.2572     50.303   40.77624  -71.00032    225.284     7.2090      8.057    15.7700    32.9948          2     73.537  0.000e+00
    24.2571     50.303   40.77624  -71.00032    225.314     7.2100      8.057    15.7694    32.9944          2     73.537  0.000e+00
    24.2569     50.291   40.77624  -71.00032    225.351     7.2111      8.057    15.7685    32.9940          2     73.518  0.000e+00
    24.2567     50.303   40.77624  -71.00032    225.392     7.2124      8.057    15.7679    32.9935          2     73.537  0.000e+00
    24.2588     50.348   40.77624  -71.00032    225.451     7.2143      8.057    15.7642    32.9951          2     73.602  0.000e+00
    24.2610     50.252   40.77624  -71.00032    225.511     7.2163      8.062    15.7604    32.9969          2     73.462  0.000e+00
    24.2622     50.291   40.77624  -71.00032    225.558     7.2177      8.057    15.7587    32.9980          2     73.518  0.000e+00
    24.2630     50.303   40.77624  -71.00032    225.737     7.2235      8.057    15.7580    32.9988          2     73.537  0.000e+00
    24.2638     50.303   40.77624  -71.00032    225.814     7.2260      8.062    15.7572    32.9996          2     73.537  0.000e+00
    24.2641     50.303   40.77624  -71.00032    225.761     7.2243      8.053    15.7568    32.9999          2     73.537  0.000e+00
    24.2642     50.291   40.77624  -71.00032    225.818     7.2261      8.057    15.7568    33.0000          2     73.518  0.000e+00
    24.2647     50.252   40.77624  -71.00032    225.996     7.2318      8.062    15.7568    33.0007          2     73.462  0.000e+00
    24.2643     50.303   40.77624  -71.00032    226.072     7.2342      8.062    15.7577    33.0004          2     73.537  0.000e+00
    24.2639     50.303   40.77624  -71.00032    226.137     7.2363      8.062    15.7584    33.0001          2     73.537  0.000e+00
    24.2637     50.291   40.77624  -71.00032    226.069     7.2341      8.062    15.7594    33.0001          2     73.518  0.000e+00
    24.2631     50.303   40.77624  -71.00032    226.257     7.2401      8.062    15.7611    32.9999          2     73.537  0.000e+00
    24.2621     50.303   40.77624  -71.00032    226.324     7.2423      8.062    15.7637    32.9992          2     73.537  0.000e+00
    24.2619     50.291   40.77624  -71.00032    226.385     7.2442      8.062    15.7649    32.9994          2     73.518  0.000e+00
    24.2617     50.303   40.77624  -71.00032    226.575     7.2503      8.062    15.7652    32.9992          2     73.537  0.000e+00
    24.2611     50.304   40.77624  -71.00032    226.646     7.2526      8.062    15.7655    32.9985          2     73.537  0.000e+00
    24.2616     50.348   40.77624  -71.00032    226.722     7.2550      8.057    15.7650    32.9990          2     73.602  0.000e+00
    24.2616     50.291   40.77624  -71.00032    226.664     7.2532      8.062    15.7647    32.9990          2     73.518  0.000e+00
    24.2615     50.348   40.77624  -71.00032    226.865     7.2596      8.062    15.7645    32.9987          2     73.602  0.000e+00
    24.2616     50.348   40.77624  -71.00032    226.927     7.2616      8.062    15.7649    32.9990          2     73.602  0.000e+00
    24.2619     50.348   40.77624  -71.00032    227.113     7.2675      8.062    15.7649    32.9993          2     73.602  0.000e+00
    24.2615     50.342   40.77624  -71.00032    227.182     7.2697      8.062    15.7642    32.9986          2     73.593  0.000e+00
    24.2621     50.348   40.77624  -71.00032    227.126     7.2679      8.062    15.7618    32.9988          2     73.602  0.000e+00
    24.2628     50.348   40.77624  -71.00032    227.318     7.2741      8.062    15.7604    32.9993          2     73.602  0.000e+00
    24.2633     50.393   40.77624  -71.00032    227.371     7.2758      8.062    15.7604    32.9999          2     73.668  0.000e+00
    24.2631     50.387   40.77624  -71.00032    227.404     7.2768      8.062    15.7613    32.9999          2     73.659  0.000e+00
    24.2626     50.393   40.77624  -71.00032    227.437     7.2779      8.062    15.7619    32.9995          2     73.668  0.000e+00
    24.2623     50.393   40.77624  -71.00032    227.605     7.2833      8.062    15.7621    32.9991          2     73.668  0.000e+00
    24.2626     50.393   40.77624  -71.00032    227.651     7.2847      8.067    15.7621    32.9994          2     73.668  0.000e+00
    24.2625     50.432   40.77624  -71.00032    227.697     7.2862      8.062    15.7623    32.9995          2     73.724  0.000e+00
