cruise2/ctd/proc/sixv0.cnv
* Sea-Bird SBE 9 Data File:
* FileName = C:\Users\Tech\Documents\DataFiles\SBE 9\six.hex
* Software Version Seasave V 7.26.7.107
* Temperature SN = 2735
* Conductivity SN = 2257
* Number of Bytes Per Scan = 44
* Number of Voltage Words = 4
* Number of Scans Averaged by the Deck Unit = 1
* NMEA Latitude = 40 46.62 N
* NMEA Longitude = 071 00.05 W
* NMEA UTC (Time) = Oct 11 2022  19:26:53
* NMEA baud rate = 4800
# nquan = 12
# nvalues = 19166                                 
# units = specified
# name 0 = sigma-t00: Density [sigma-t, kg/m^3 ]
# name 1 = depSM: Depth [salt water, m]
# name 2 = latitude: Latitude [deg]
# name 3 = longitude: Longitude [deg]
# name 4 = sbeox0Mm/L: Oxygen, SBE 43 [umol/l]
# name 5 = sbeox0Mg/L: Oxygen, SBE 43 [mg/l]
# name 6 = ph: pH
# name 7 = t090C: Temperature [ITS-90, deg C]
# name 8 = sal00: Salinity, Practical [PSU]
# name 9 = nbf: Bottles Fired
# name 10 = prDE: Pressure, Digiquartz [psi]
# name 11 = flag:  0.000e+00
# span 0 =    23.9091,    24.2923                 
# span 1 =      0.111,     51.108                 
# span 2 =   40.77570,   40.77704                 
# span 3 =  -71.00082,  -70.99994                 
# span 4 =    220.789,    270.504                 
# span 5 =     7.0651,     8.6560                 
# span 6 =      8.030,      8.148                 
# span 7 =    15.6767,    16.6877                 
# span 8 =    32.7314,    33.1598                 
# span 9 =          0,          9                 
# span 10 =      0.162,     74.713                
# span 11 = 0.0000e+00, 0.0000e+00                
# interval = seconds: 0.0416667
# start_time = Oct 11 2022 19:26:56 [System UTC, header]
# bad_flag = -9.990e-29
*END*
[from data line 9023]
    24.2567     50.393   40.77636  -71.00040    225.624     7.2199      8.057    15.7826    32.9978          0     73.668  0.000e+00
    24.2556     50.348   40.77636  -71.00040    225.806     7.2257      8.062    15.7822    32.9962          0     73.602  0.000e+00
    24.2559     50.348   40.77636  -71.00040    225.854     7.2272      8.062    15.7821    32.9965          0     73.602  0.000e+00
    24.2551     50.387   40.77636  -71.00040    225.899     7.2287      8.062    15.7834    32.9959          0     73.658  0.000e+00
    24.2556     50.348   40.77636  -71.00040    225.963     7.2307      8.062    15.7834    32.9965          0     73.602  0.000e+00
    24.2560     50.348   40.77636  -71.00040    226.031     7.2329      8.062    15.7831    32.9970          0     73.602  0.000e+00
    24.2558     50.348   40.77636  -71.00040    226.088     7.2347      8.062    15.7831    32.9967          0     73.602  0.000e+00
    24.2557     50.342   40.77636  -71.00040    226.275     7.2407      8.062    15.7838    32.9968          0     73.593  0.000e+00
    24.2558     50.348   40.77636  -71.00040    226.345     7.2429      8.062    15.7843    32.9970          0     73.602  0.000e+00
    24.2555     50.393   40.77636  -71.00040    226.417     7.2453      8.062    15.7848    32.9968          0     73.668  0.000e+00
    24.2553     50.348   40.77636  -71.00040    226.482     7.2473      8.062    15.7865    32.9970          0     73.602  0.000e+00
    24.2529     50.342   40.77636  -71.00040    226.674     7.2535      8.062    15.7904    32.9951          0     73.593  0.000e+00
    24.2517     50.348   40.77636  -71.00040    226.740     7.2556      8.062    15.7928    32.9943          0     73.602  0.000e+00
    24.2520     50.348   40.77636  -71.00040    226.801     7.2575      8.062    15.7928    32.9946          0     73.602  0.000e+00
    24.2526     50.393   40.77636  -71.00040    226.884     7.2602      8.062    15.7914    32.9950          0     73.668  0.000e+00
    24.2543     50.387   40.77636  -71.00040    227.097     7.2670      8.062    15.7872    32.9960          0     73.658  0.000e+00
    24.2564     50.348   40.77636  -71.00040    227.059     7.2658      8.062    15.7822    32.9973          0     73.602  0.000e+00
    24.2574     50.393   40.77636  -71.00040    227.267     7.2724      8.053    15.7795    32.9977          0     73.668  0.000e+00
    24.2577     50.342   40.77636  -71.00040    227.344     7.2749      8.062    15.7780    32.9977          0     73.593  0.000e+00
    24.2580     50.445   40.77636  -71.00040    227.407     7.2769      8.062    15.7773    32.9979          0     73.743  0.000e+00
    24.2580     50.393   40.77636  -71.00040    227.465     7.2788      8.062    15.7765    32.9976          0     73.668  0.000e+00
    24.2583     50.393   40.77636  -71.00040    227.658     7.2850      8.062    15.7751    32.9977          0     73.668  0.000e+00
    24.2589     50.432   40.77636  -71.00040    227.729     7.2872      8.062    15.7738    32.9980          0     73.724  0.000e+00
    24.2594     50.445   40.77636  -71.00040    227.782     7.2889      8.062    15.7729    32.9984          0     73.743  0.000e+00
    24.2595     50.393   40.77636  -71.00040    227.825     7.2903      8.062    15.7729    32.9986          0     73.668  0.000e+00
    24.2593     50.445   40.77636  -71.00040    227.863     7.2915      8.062    15.7741    32.9986          0     73.743  0.000e+00
    24.2596     50.483   40.77636  -71.00040    227.884     7.2922      8.067    15.7750    32.9993          0     73.799  0.000e+00
    24.2591     50.445   40.77636  -71.00040    228.026     7.2967      8.062    15.7773    32.9993          0     73.743  0.000e+00
    24.2579     50.489   40.77636  -71.00040    227.929     7.2936      8.062    15.7797    32.9985          0     73.808  0.000e+00
    24.2577     50.489   40.77636  -71.00040    228.074     7.2983      8.062    15.7804    32.9984          0     73.808  0.000e+00
    24.2577     50.528   40.77636  -71.00040    227.949     7.2943      8.062    15.7809    32.9986          0     73.865  0.000e+00
    24.2573     50.489   40.77636  -71.00040    228.084     7.2986      8.062    15.7817    32.9983          0     73.808  0.000e+00
    24.2570     50.534   40.77636  -71.00040    228.106     7.2993      8.062    15.7811    32.9977          0     73.874  0.000e+00
    24.2573     50.534   40.77636  -71.00040    228.112     7.2995      8.062    15.7795    32.9976          0     73.874  0.000e+00
    24.2579     50.528   40.77636  -71.00040    228.119     7.2997      8.062    15.7770    32.9977          0     73.865  0.000e+00
    24.2594     50.586   40.77636  -71.00040    228.013     7.2963      8.062    15.7722    32.9982          0     73.949  0.000e+00
    24.2602     50.586   40.77636  -71.00040    228.004     7.2960      8.062    15.7685    32.9982          0     73.949  0.000e+00
    24.2610     50.586   40.77636  -71.00040    228.133     7.3002      8.062    15.7657    32.9984          0     73.949  0.000e+00
    24.2621     50.618   40.77636  -71.00040    228.139     7.3004      8.062    15.7630    32.9991          0     73.996  0.000e+00
    24.2645     50.631   40.77636  -71.00040    228.145     7.3006      8.067    15.7589    33.0011          0     74.015  0.000e+00
    24.2650     50.631   40.77636  -71.00040    228.145     7.3005      8.062    15.7558    33.0007          0     74.015  0.000e+00
    24.2659     50.676   40.77636  -71.00040    228.009     7.2962      8.062    15.7526    33.0010          0     74.081  0.000e+00
    24.2666     50.669   40.77636  -71.00040    228.117     7.2996      8.057    15.7502    33.0012          0     74.071  0.000e+00
    24.2667     50.676   40.77636  -71.00040    228.097     7.2990      8.062    15.7488    33.0010          0     74.081  0.000e+00
    24.2676     50.676   40.77636  -71.00040    228.209     7.3026      8.062    15.7467    33.0015          0     74.081  0.000e+00
    24.2689     50.727   40.77636  -71.00040    228.334     7.3066      8.062    15.7441    33.0024          0     74.156  0.000e+00
    24.2694     50.714   40.77636  -71.00040    228.344     7.3069      8.062    15.7421    33.0025          0     74.137  0.000e+00
    24.2695     50.772   40.77636  -71.00040    228.345     7.3069      8.062    15.7414    33.0024          0     74.221  0.000e+00
    24.2700     50.727   40.77636  -71.00040    228.340     7.3068      8.062    15.7403    33.0028          0     74.156  0.000e+00
    24.2700     50.714   40.77636  -71.00040    228.330     7.3065      8.062    15.7397    33.0026          0     74.137  0.000e+00
    24.2702     50.817   40.77636  -71.00040    228.465     7.3108      8.062    15.7393    33.0028          0     74.287  0.000e+00
    24.2706     50.772   40.77636  -71.00040    228.606     7.3153      8.067    15.7387    33.0031          0     74.221  0.000e+00
    24.2712     50.817   40.77636  -71.00040    228.495     7.3118      8.062    15.7371    33.0034          0     74.287  0.000e+00
    24.2720     50.810   40.77636  -71.00040    228.500     7.3119      8.062    15.7352    33.0039          0     74.278  0.000e+00
    24.2722     50.817   40.77636  -71.00040    228.628     7.3160      8.062    15.7347    33.0040          0     74.287  0.000e+00
    24.2722     50.817   40.77636  -71.00040    228.629     7.3160      8.062    15.7345    33.0039          0     74.287  0.000e+00
    24.2717     50.817   40.77636  -71.00040    228.635     7.3162      8.062    15.7352    33.0035          0     74.287  0.000e+00
    24.2719     50.855   40.77636  -71.00040    228.774     7.3207      8.062    15.7353    33.0038          0     74.343  0.000e+00
    24.2712     50.868   40.77636  -71.00040    228.651     7.3167      8.062    15.7359    33.0031          0     74.362  0.000e+00
    24.2711     50.868   40.77636  -71.00040    228.647     7.3166      8.062    15.7357    33.0029          0     74.362  0.000e+00
    24.2726     50.817   40.77636  -71.00040    228.798     7.3214      8.058    15.7327    33.0039          0     74.287  0.000e+00
    24.2736     50.900   40.77636  -71.00040    228.825     7.3223      8.062    15.7303    33.0045          0     74.409  0.000e+00
    24.2744     50.868   40.77636  -71.00040    228.704     7.3184      8.062    15.7293    33.0053          0     74.362  0.000e+00
    24.2749     50.868   40.77636  -71.00040    228.696     7.3182      8.062    15.7289    33.0058          0     74.362  0.000e+00
    24.2732     50.868   40.77636  -71.00040    228.683     7.3177      8.062    15.7323    33.0046          0     74.362  0.000e+00
    24.2711     50.900   40.77636  -71.00040    228.652     7.3167      8.058    15.7360    33.0030          0     74.409  0.000e+00
    24.2687     50.868   40.77636  -71.00040    228.630     7.3161      8.062    15.7395    33.0009          0     74.362  0.000e+00
    24.2683     50.868   40.77636  -71.00040    228.615     7.3156      8.058    15.7407    33.0007          0     74.362  0.000e+00
    24.2694     50.913   40.77636  -71.00040    228.597     7.3150      8.058    15.7416    33.0024          0     74.428  0.000e+00
    24.2693     50.855   40.77636  -71.00040    228.566     7.3140      8.062    15.7441    33.0030          0     74.343  0.000e+00
    24.2680     50.868   40.77636  -71.00040    228.545     7.3133      8.057    15.7475    33.0023          0     74.362  0.000e+00
    24.2668     50.868   40.77636  -71.00040    228.525     7.3127      8.057    15.7502    33.0015          0     74.362  0.000e+00
    24.2654     50.868   40.77636  -71.00040    228.508     7.3121      8.057    15.7518    33.0001          0     74.362  0.000e+00
    24.2660     50.855   40.77636  -71.00040    228.496     7.3118      8.062    15.7511    33.0007          0     74.343  0.000e+00
    24.2680     50.868   40.77636  -71.00040    228.492     7.3116      8.057    15.7483    33.0025          0     74.362  0.000e+00
    24.2686     50.817   40.77636  -71.00040    228.472     7.3110      8.057    15.7478    33.0032          0     74.287  0.000e+00
    24.2675     50.817   40.77636  -71.00040    228.454     7.3104      8.057    15.7500    33.0023          0     74.287  0.000e+00
    24.2659     50.855   40.77636  -71.00040    228.422     7.3094      8.057    15.7522    33.0009          0     74.343  0.000e+00
    24.2654     50.817   40.77636  -71.00040    228.400     7.3087      8.057    15.7538    33.0007          0     74.287  0.000e+00
    24.2653     50.817   40.77636  -71.00040    228.366     7.3076      8.057    15.7546    33.0008          0     74.287  0.000e+00
    24.2651     50.772   40.77636  -71.00040    228.345     7.3069      8.067    15.7549    33.0007          0     74.221  0.000e+00
    24.2651     50.810   40.77636  -71.00040    228.325     7.3063      8.057    15.7550    33.0006          0     74.278  0.000e+00
    24.2648     50.772   40.77636  -71.00040    228.166     7.3012      8.062    15.7553    33.0004          0     74.221  0.000e+00
    24.2647     50.772   40.77636  -71.00040    228.129     7.3000      8.057    15.7552    33.0003          0     74.221  0.000e+00
    24.2649     50.727   40.77636  -71.00040    228.209     7.3026      8.057    15.7548    33.0003          0     74.156  0.000e+00
    24.2650     50.759   40.77636  -71.00040    228.032     7.2969      8.057    15.7550    33.0005          0     74.203  0.000e+00
    24.2651     50.727   40.77636  -71.00040    227.986     7.2955      8.057    15.7548    33.0006          0     74.156  0.000e+00
    24.2646     50.727   40.77636  -71.00040    227.941     7.2940      8.057    15.7546    32.9999          0     74.156  0.000e+00
    24.2648     50.676   40.77636  -71.00040    227.895     7.2925      8.057    15.7539    33.0000          0     74.081  0.000e+00
    24.2652     50.714   40.77636  -71.00040    227.849     7.2911      8.057    15.7533    33.0003          0     74.137  0.000e+00
    24.2656     50.676   40.77636  -71.00040    227.777     7.2888      8.057    15.7539    33.0011          0     74.081  0.000e+00
    24.2650     50.676   40.77636  -71.00040    227.711     7.2866      8.044    15.7563    33.0010          0     74.081  0.000e+00
    24.2652     50.631   40.77636  -71.00040    227.647     7.2846      8.057    15.7575    33.0015          0     74.015  0.000e+00
    24.2648     50.618   40.77636  -71.00040    227.596     7.2830      8.062    15.7589    33.0014          0     73.996  0.000e+00
    24.2643     50.631   40.77636  -71.00040    227.424     7.2775      8.057    15.7608    33.0012          0     74.015  0.000e+00
    24.2637     50.631   40.77636  -71.00040    227.236     7.2715      8.057    15.7628    33.0012          0     74.015  0.000e+00
    24.2629     50.586   40.77636  -71.00040    227.164     7.2691      8.057    15.7657    33.0009          0     73.949  0.000e+00
    24.2626     50.573   40.77636  -71.00040    227.235     7.2714      8.057    15.7669    33.0009          0     73.930  0.000e+00
    24.2622     50.586   40.77636  -71.00040    227.192     7.2700      8.057    15.7671    33.0004          0     73.949  0.000e+00
    24.2623     50.586   40.77636  -71.00040    227.164     7.2692      8.057    15.7669    33.0004          0     73.949  0.000e+00
    24.2618     50.534   40.77636  -71.00040    227.013     7.2643      8.067    15.7676    33.0001          0     73.874  0.000e+00
    24.2619     50.528   40.77636  -71.00040    226.970     7.2629      8.057    15.7681    33.0003          0     73.865  0.000e+00
    24.2612     50.534   40.77636  -71.00040    226.929     7.2616      8.057    15.7688    32.9995          0     73.874  0.000e+00
    24.2613     50.489   40.77636  -71.00040    226.904     7.2608      8.057    15.7688    32.9997          0     73.808  0.000e+00
    24.2614     50.489   40.77636  -71.00040    226.882     7.2601      8.057    15.7688    32.9998          0     73.808  0.000e+00
    24.2609     50.528   40.77636  -71.00040    226.727     7.2552      8.057    15.7695    32.9994          0     73.865  0.000e+00
    24.2610     50.489   40.77636  -71.00040    226.705     7.2544      8.057    15.7702    32.9997          0     73.808  0.000e+00
    24.2602     50.445   40.77636  -71.00040    226.670     7.2533      8.057    15.7713    32.9990          0     73.743  0.000e+00
    24.2601     50.445   40.77636  -71.00040    226.641     7.2524      8.057    15.7718    32.9991          0     73.743  0.000e+00
    24.2601     50.483   40.77636  -71.00040    226.632     7.2521      8.057    15.7720    32.9991          0     73.799  0.000e+00
    24.2597     50.445   40.77636  -71.00040    226.622     7.2518      8.057    15.7724    32.9988          0     73.743  0.000e+00
    24.2598     50.445   40.77636  -71.00040    226.467     7.2468      8.057    15.7730    32.9990          0     73.743  0.000e+00
    24.2599     50.387   40.77636  -71.00040    226.435     7.2458      8.057    15.7732    32.9992          0     73.658  0.000e+00
    24.2596     50.489   40.77636  -71.00040    226.413     7.2451      8.057    15.7730    32.9987          0     73.808  0.000e+00
    24.2599     50.393   40.77636  -71.00040    226.253     7.2400      8.057    15.7730    32.9991          0     73.668  0.000e+00
    24.2595     50.393   40.77636  -71.00040    226.217     7.2389      8.057    15.7735    32.9988          0     73.668  0.000e+00
    24.2597     50.432   40.77636  -71.00040    226.324     7.2423      8.057    15.7730    32.9989          0     73.724  0.000e+00
    24.2602     50.393   40.77636  -71.00040    226.179     7.2376      8.062    15.7722    32.9993          0     73.668  0.000e+00
    24.2602     50.393   40.77636  -71.00040    226.156     7.2369      8.062    15.7722    32.9993          0     73.668  0.000e+00
