cruise2/ctd/proc/threev0.cnv
* Sea-Bird SBE 9 Data File:
* FileName = C:\Users\Tech\Documents\DataFiles\SBE 9\three.hex
* Software Version Seasave V 7.26.7.107
* Temperature SN = 2735
* Conductivity SN = 2257
* Number of Bytes Per Scan = 44
* Number of Voltage Words = 4
* Number of Scans Averaged by the Deck Unit = 1
* NMEA Latitude = 41 14.59 N
* NMEA Longitude = 072 04.11 W
* NMEA UTC (Time) = Oct 12 2022  23:14:44
* NMEA baud rate = 4800
# nquan = 12
# nvalues = 8455                                  
# units = specified
# name 0 = sigma-t00: Density [sigma-t, kg/m^3 ]
# name 1 = depSM: Depth [salt water, m]
# name 2 = latitude: Latitude [deg]
# name 3 = longitude: Longitude [deg]
# name 4 = sbeox0Mm/L: Oxygen, SBE 43 [umol/l]
# name 5 = sbeox0Mg/L: Oxygen, SBE 43 [mg/l]
# name 6 = ph: pH
# name 7 = t090C: Temperature [ITS-90, deg C]
# name 8 = sal00: Salinity, Practical [PSU]
# name 9 = nbf: Bottles Fired
# name 10 = prDE: Pressure, Digiquartz [psi]
# name 11 = flag:  0.000e+00
# span 0 =    22.2819,    22.8151                 
# span 1 =      1.411,     46.898                 
# span 2 =   41.24230,   41.24312                 
# span 3 =  -72.06856,  -72.06532                 
# span 4 =    238.373,    254.191                 
# span 5 =     7.6278,     8.1340                 
# span 6 =      8.042,      8.091                 
# span 7 =    17.5212,    17.8430                 
# span 8 =    31.0296,    31.6401                 
# span 9 =          0,          7                 
# span 10 =      2.062,     68.561                
# span 11 = 0.0000e+00, 0.0000e+00                
# interval = seconds: 0.0416667
# start_time = Oct 12 2022 23:14:48 [System UTC, header]
# bad_flag = -9.990e-29
*END*
[from data line 2527]
    22.8083     46.706   41.24266  -72.06714    241.081     7.7145      8.060    17.5262    31.6329          0     68.279  0.000e+00
    22.8085     46.789   41.24266  -72.06714    241.081     7.7145      8.065    17.5261    31.6330          0     68.401  0.000e+00
    22.8086     46.661   41.24266  -72.06714    240.945     7.7101      8.060    17.5261    31.6331          0     68.213  0.000e+00
    22.8087     46.744   41.24266  -72.06714    240.932     7.7097      8.056    17.5257    31.6331          0     68.335  0.000e+00
    22.8086     46.706   41.24266  -72.06714    241.040     7.7132      8.056    17.5257    31.6331          0     68.279  0.000e+00
    22.8087     46.757   41.24266  -72.06714    240.916     7.7092      8.060    17.5257    31.6333          0     68.354  0.000e+00
    22.8091     46.693   41.24266  -72.06714    241.021     7.7126      8.056    17.5254    31.6336          0     68.260  0.000e+00
    22.8088     46.705   41.24266  -72.06714    241.022     7.7126      8.060    17.5255    31.6333          0     68.279  0.000e+00
    22.8089     46.693   41.24266  -72.06714    241.021     7.7126      8.060    17.5254    31.6333          0     68.260  0.000e+00
    22.8087     46.705   41.24266  -72.06714    241.006     7.7121      8.056    17.5256    31.6332          0     68.279  0.000e+00
    22.8089     46.757   41.24266  -72.06714    241.003     7.7120      8.060    17.5254    31.6333          0     68.354  0.000e+00
    22.8090     46.693   41.24266  -72.06714    240.996     7.7118      8.060    17.5252    31.6335          0     68.260  0.000e+00
    22.8088     46.705   41.24266  -72.06714    240.859     7.7074      8.065    17.5255    31.6332          0     68.279  0.000e+00
    22.8088     46.693   41.24266  -72.06714    240.966     7.7108      8.060    17.5255    31.6332          0     68.260  0.000e+00
    22.8087     46.661   41.24266  -72.06714    240.956     7.7105      8.056    17.5254    31.6331          0     68.213  0.000e+00
    22.8088     46.705   41.24266  -72.06714    240.817     7.7060      8.056    17.5254    31.6332          0     68.279  0.000e+00
    22.8090     46.693   41.24266  -72.06714    240.805     7.7056      8.060    17.5252    31.6335          0     68.260  0.000e+00
    22.8096     46.705   41.24266  -72.06714    240.793     7.7053      8.056    17.5249    31.6342          0     68.279  0.000e+00
    22.8100     46.648   41.24266  -72.06714    240.780     7.7049      8.069    17.5244    31.6345          0     68.195  0.000e+00
    22.8100     46.705   41.24266  -72.06714    240.768     7.7045      8.056    17.5243    31.6345          0     68.279  0.000e+00
    22.8104     46.661   41.24266  -72.06714    240.870     7.7077      8.060    17.5240    31.6349          0     68.213  0.000e+00
    22.8102     46.693   41.24266  -72.06714    240.725     7.7031      8.056    17.5241    31.6347          0     68.260  0.000e+00
    22.8104     46.660   41.24266  -72.06714    240.708     7.7025      8.060    17.5240    31.6349          0     68.213  0.000e+00
    22.8108     46.693   41.24266  -72.06714    240.692     7.7020      8.065    17.5238    31.6354          0     68.260  0.000e+00
    22.8111     46.660   41.24266  -72.06714    240.673     7.7014      8.056    17.5237    31.6356          0     68.213  0.000e+00
    22.8112     46.660   41.24266  -72.06714    240.656     7.7009      8.060    17.5235    31.6358          0     68.213  0.000e+00
    22.8113     46.693   41.24266  -72.06714    240.638     7.7003      8.056    17.5235    31.6360          0     68.260  0.000e+00
    22.8112     46.616   41.24266  -72.06714    240.616     7.6996      8.056    17.5236    31.6358          0     68.148  0.000e+00
    22.8116     46.693   41.24266  -72.06714    240.600     7.6991      8.060    17.5231    31.6362          0     68.260  0.000e+00
    22.8111     46.660   41.24266  -72.06714    240.461     7.6946      8.065    17.5237    31.6357          0     68.213  0.000e+00
    22.8113     46.660   41.24266  -72.06714    240.429     7.6936      8.060    17.5235    31.6360          0     68.213  0.000e+00
    22.8115     46.648   41.24266  -72.06714    240.410     7.6930      8.060    17.5233    31.6362          0     68.195  0.000e+00
    22.8117     46.660   41.24266  -72.06712    240.136     7.6842      8.060    17.5229    31.6363          0     68.213  0.000e+00
    22.8121     46.648   41.24266  -72.06712    240.094     7.6829      8.060    17.5228    31.6368          0     68.195  0.000e+00
    22.8121     46.660   41.24266  -72.06712    240.054     7.6816      8.060    17.5228    31.6367          0     68.213  0.000e+00
    22.8119     46.616   41.24266  -72.06712    239.897     7.6766      8.056    17.5229    31.6365          0     68.148  0.000e+00
    22.8120     46.648   41.24266  -72.06712    239.862     7.6755      8.060    17.5229    31.6367          0     68.194  0.000e+00
    22.8117     46.660   41.24266  -72.06712    239.817     7.6740      8.056    17.5230    31.6363          0     68.213  0.000e+00
    22.8115     46.648   41.24266  -72.06712    239.643     7.6685      8.056    17.5233    31.6361          0     68.194  0.000e+00
    22.8110     46.660   41.24266  -72.06712    239.731     7.6713      8.056    17.5235    31.6355          0     68.213  0.000e+00
    22.8105     46.615   41.24266  -72.06712    239.562     7.6659      8.060    17.5238    31.6349          0     68.148  0.000e+00
    22.8100     46.648   41.24266  -72.06712    239.642     7.6684      8.056    17.5241    31.6344          0     68.194  0.000e+00
    22.8099     46.615   41.24266  -72.06712    239.477     7.6632      8.056    17.5243    31.6344          0     68.148  0.000e+00
    22.8098     46.648   41.24266  -72.06712    239.436     7.6618      8.060    17.5241    31.6341          0     68.194  0.000e+00
    22.8094     46.615   41.24266  -72.06712    239.405     7.6608      8.056    17.5245    31.6338          0     68.148  0.000e+00
    22.8090     46.660   41.24266  -72.06712    239.369     7.6597      8.060    17.5245    31.6333          0     68.213  0.000e+00
    22.8094     46.603   41.24266  -72.06712    239.331     7.6585      8.056    17.5244    31.6337          0     68.129  0.000e+00
    22.8089     46.615   41.24266  -72.06712    239.297     7.6574      8.056    17.5249    31.6332          0     68.147  0.000e+00
    22.8095     46.648   41.24266  -72.06712    239.268     7.6565      8.056    17.5245    31.6339          1     68.194  0.000e+00
    22.8093     46.615   41.24266  -72.06712    239.251     7.6559      8.056    17.5247    31.6337          1     68.147  0.000e+00
    22.8090     46.551   41.24266  -72.06712    239.365     7.6596      8.060    17.5249    31.6333          1     68.054  0.000e+00
    22.8087     46.660   41.24266  -72.06712    239.229     7.6552      8.060    17.5250    31.6330          1     68.213  0.000e+00
    22.8087     46.615   41.24266  -72.06712    239.208     7.6545      8.060    17.5250    31.6330          1     68.147  0.000e+00
    22.8086     46.603   41.24266  -72.06712    239.202     7.6544      8.056    17.5252    31.6329          1     68.129  0.000e+00
    22.8083     46.615   41.24266  -72.06712    239.061     7.6498      8.056    17.5251    31.6325          1     68.147  0.000e+00
    22.8085     46.603   41.24266  -72.06712    239.049     7.6495      8.056    17.5252    31.6327          1     68.129  0.000e+00
    22.8086     46.564   41.24266  -72.06712    239.170     7.6533      8.056    17.5250    31.6328          1     68.072  0.000e+00
    22.8083     46.660   41.24264  -72.06710    239.180     7.6536      8.056    17.5254    31.6326          1     68.213  0.000e+00
    22.8083     46.603   41.24264  -72.06710    239.189     7.6539      8.051    17.5254    31.6325          1     68.129  0.000e+00
    22.8082     46.564   41.24264  -72.06710    239.202     7.6544      8.056    17.5254    31.6325          1     68.072  0.000e+00
    22.8079     46.648   41.24264  -72.06710    239.351     7.6591      8.056    17.5255    31.6321          1     68.194  0.000e+00
    22.8075     46.564   41.24264  -72.06710    239.367     7.6596      8.056    17.5257    31.6316          1     68.072  0.000e+00
    22.8076     46.615   41.24264  -72.06710    239.403     7.6608      8.060    17.5257    31.6317          1     68.147  0.000e+00
    22.8076     46.603   41.24264  -72.06710    239.439     7.6619      8.056    17.5258    31.6318          1     68.129  0.000e+00
    22.8075     46.564   41.24264  -72.06710    239.465     7.6628      8.056    17.5257    31.6316          1     68.072  0.000e+00
    22.8075     46.603   41.24264  -72.06710    239.495     7.6637      8.056    17.5257    31.6316          1     68.129  0.000e+00
    22.8075     46.564   41.24264  -72.06710    239.652     7.6687      8.056    17.5259    31.6316          1     68.072  0.000e+00
    22.8077     46.615   41.24264  -72.06710    239.697     7.6702      8.060    17.5259    31.6319          1     68.147  0.000e+00
    22.8081     46.603   41.24264  -72.06710    239.743     7.6717      8.056    17.5257    31.6324          1     68.129  0.000e+00
    22.8082     46.564   41.24264  -72.06710    239.803     7.6736      8.056    17.5255    31.6324          1     68.072  0.000e+00
    22.8081     46.603   41.24264  -72.06710    239.982     7.6793      8.060    17.5255    31.6324          1     68.129  0.000e+00
    22.8081     46.615   41.24264  -72.06710    240.045     7.6813      8.060    17.5255    31.6324          1     68.147  0.000e+00
    22.8082     46.564   41.24264  -72.06710    239.979     7.6792      8.060    17.5254    31.6325          1     68.072  0.000e+00
    22.8081     46.603   41.24264  -72.06710    240.033     7.6809      8.056    17.5255    31.6324          1     68.129  0.000e+00
    22.8075     46.615   41.24264  -72.06710    240.216     7.6868      8.056    17.5257    31.6317          1     68.147  0.000e+00
    22.8078     46.551   41.24264  -72.06710    240.154     7.6848      8.056    17.5255    31.6319          1     68.054  0.000e+00
    22.8079     46.615   41.24264  -72.06710    240.343     7.6909      8.056    17.5252    31.6320          1     68.147  0.000e+00
    22.8080     46.564   41.24264  -72.06710    240.412     7.6931      8.042    17.5252    31.6321          1     68.072  0.000e+00
    22.8083     46.603   41.24264  -72.06710    240.471     7.6950      8.056    17.5252    31.6325          1     68.129  0.000e+00
    22.8085     46.564   41.24264  -72.06710    240.530     7.6968      8.056    17.5250    31.6328          1     68.072  0.000e+00
    22.8083     46.603   41.24264  -72.06710    240.720     7.7029      8.056    17.5251    31.6324          1     68.129  0.000e+00
    22.8084     46.564   41.24264  -72.06710    240.766     7.7044      8.060    17.5249    31.6325          1     68.072  0.000e+00
    22.8084     46.615   41.24264  -72.06710    240.812     7.7059      8.056    17.5250    31.6326          1     68.147  0.000e+00
    22.8084     46.551   41.24264  -72.06710    240.855     7.7073      8.056    17.5249    31.6326          1     68.054  0.000e+00
    22.8086     46.615   41.24264  -72.06710    240.887     7.7083      8.056    17.5249    31.6328          1     68.147  0.000e+00
    22.8084     46.551   41.24264  -72.06710    240.915     7.7092      8.065    17.5249    31.6326          1     68.053  0.000e+00
    22.8086     46.564   41.24264  -72.06710    240.942     7.7100      8.056    17.5249    31.6328          1     68.072  0.000e+00
    22.8085     46.564   41.24264  -72.06710    241.083     7.7146      8.060    17.5250    31.6328          1     68.072  0.000e+00
    22.8087     46.551   41.24264  -72.06710    241.119     7.7157      8.060    17.5249    31.6329          1     68.053  0.000e+00
    22.8082     46.615   41.24264  -72.06710    241.143     7.7165      8.060    17.5249    31.6323          1     68.147  0.000e+00
    22.8085     46.551   41.24264  -72.06710    241.172     7.7174      8.056    17.5249    31.6327          1     68.053  0.000e+00
    22.8089     46.615   41.24264  -72.06710    241.190     7.7180      8.060    17.5247    31.6332          1     68.147  0.000e+00
    22.8086     46.564   41.24264  -72.06710    241.203     7.7184      8.060    17.5247    31.6328          1     68.072  0.000e+00
    22.8085     46.603   41.24264  -72.06710    241.215     7.7188      8.056    17.5247    31.6327          1     68.129  0.000e+00
    22.8086     46.564   41.24264  -72.06710    241.222     7.7190      8.060    17.5249    31.6328          1     68.072  0.000e+00
    22.8087     46.602   41.24264  -72.06710    241.100     7.7151      8.056    17.5249    31.6329          1     68.129  0.000e+00
    22.8088     46.564   41.24264  -72.06710    241.091     7.7148      8.060    17.5249    31.6331          1     68.072  0.000e+00
    22.8087     46.564   41.24264  -72.06710    241.209     7.7186      8.060    17.5249    31.6330          1     68.072  0.000e+00
    22.8086     46.602   41.24264  -72.06710    241.210     7.7186      8.056    17.5249    31.6328          1     68.129  0.000e+00
    22.8088     46.564   41.24264  -72.06710    241.218     7.7189      8.046    17.5249    31.6331          1     68.072  0.000e+00
    22.8089     46.602   41.24264  -72.06710    241.214     7.7188      8.056    17.5249    31.6332          1     68.129  0.000e+00
    22.8086     46.615   41.24264  -72.06710    241.207     7.7185      8.056    17.5250    31.6328          1     68.147  0.000e+00
    22.8081     46.615   41.24264  -72.06710    241.197     7.7182      8.056    17.5250    31.6322          1     68.147  0.000e+00
    22.8085     46.551   41.24264  -72.06710    241.170     7.7173      8.056    17.5249    31.6327          1     68.053  0.000e+00
    22.8083     46.615   41.24264  -72.06710    241.143     7.7165      8.060    17.5250    31.6324          1     68.147  0.000e+00
    22.8088     46.602   41.24264  -72.06708    241.252     7.7200      8.056    17.5249    31.6330          1     68.128  0.000e+00
    22.8087     46.564   41.24264  -72.06708    241.242     7.7196      8.056    17.5249    31.6329          1     68.072  0.000e+00
    22.8082     46.615   41.24264  -72.06708    241.231     7.7193      8.056    17.5249    31.6323          1     68.147  0.000e+00
    22.8082     46.602   41.24264  -72.06708    241.214     7.7188      8.060    17.5250    31.6323          1     68.128  0.000e+00
    22.8086     46.615   41.24264  -72.06708    241.337     7.7227      8.060    17.5249    31.6328          1     68.147  0.000e+00
    22.8085     46.602   41.24264  -72.06708    241.339     7.7227      8.060    17.5250    31.6327          1     68.128  0.000e+00
    22.8083     46.564   41.24264  -72.06708    241.339     7.7227      8.056    17.5250    31.6325          1     68.072  0.000e+00
    22.8081     46.647   41.24264  -72.06708    241.209     7.7186      8.056    17.5252    31.6322          1     68.194  0.000e+00
    22.8084     46.615   41.24264  -72.06708    241.320     7.7221      8.060    17.5249    31.6325          1     68.147  0.000e+00
    22.8079     46.615   41.24264  -72.06708    241.311     7.7219      8.060    17.5250    31.6319          1     68.147  0.000e+00
    22.8081     46.602   41.24264  -72.06708    241.311     7.7219      8.060    17.5251    31.6322          1     68.128  0.000e+00
    22.8082     46.615   41.24264  -72.06708    241.181     7.7177      8.051    17.5250    31.6324          1     68.147  0.000e+00
    22.8081     46.647   41.24264  -72.06708    241.295     7.7213      8.056    17.5252    31.6322          2     68.194  0.000e+00
    22.8079     46.615   41.24264  -72.06708    241.288     7.7211      8.060    17.5252    31.6320          2     68.147  0.000e+00
