cruise2/ctd/proc/threev0.cnv
* Sea-Bird SBE 9 Data File:
* FileName = C:\Users\Tech\Documents\DataFiles\SBE 9\three.hex
* Software Version Seasave V 7.26.7.107
* Temperature SN = 2735
* Conductivity SN = 2257
* Number of Bytes Per Scan = 44
* Number of Voltage Words = 4
* Number of Scans Averaged by the Deck Unit = 1
* NMEA Latitude = 41 14.59 N
* NMEA Longitude = 072 04.11 W
* NMEA UTC (Time) = Oct 12 2022  23:14:44
* NMEA baud rate = 4800
# nquan = 12
# nvalues = 8455                                  
# units = specified
# name 0 = sigma-t00: Density [sigma-t, kg/m^3 ]
# name 1 = depSM: Depth [salt water, m]
# name 2 = latitude: Latitude [deg]
# name 3 = longitude: Longitude [deg]
# name 4 = sbeox0Mm/L: Oxygen, SBE 43 [umol/l]
# name 5 = sbeox0Mg/L: Oxygen, SBE 43 [mg/l]
# name 6 = ph: pH
# name 7 = t090C: Temperature [ITS-90, deg C]
# name 8 = sal00: Salinity, Practical [PSU]
# name 9 = nbf: Bottles Fired
# name 10 = prDE: Pressure, Digiquartz [psi]
# name 11 = flag:  0.000e+00
# span 0 =    22.2819,    22.8151                 
# span 1 =      1.411,     46.898                 
# span 2 =   41.24230,   41.24312                 
# span 3 =  -72.06856,  -72.06532                 
# span 4 =    238.373,    254.191                 
# span 5 =     7.6278,     8.1340                 
# span 6 =      8.042,      8.091                 
# span 7 =    17.5212,    17.8430                 
# span 8 =    31.0296,    31.6401                 
# span 9 =          0,          7                 
# span 10 =      2.062,     68.561                
# span 11 = 0.0000e+00, 0.0000e+00                
# interval = seconds: 0.0416667
# start_time = Oct 12 2022 23:14:48 [System UTC, header]
# bad_flag = -9.990e-29
*END*
[from data line 121]
    22.4071      2.468   41.24310  -72.06846    250.826     8.0263      8.077    17.8196    31.1996          0      3.607  0.000e+00
    22.4114      2.513   41.24310  -72.06846    250.940     8.0300      8.077    17.8175    31.2046          0      3.673  0.000e+00
    22.4144      2.468   41.24310  -72.06846    250.934     8.0298      8.077    17.8163    31.2081          0      3.607  0.000e+00
    22.4168      2.423   41.24310  -72.06846    250.928     8.0296      8.077    17.8153    31.2109          0      3.542  0.000e+00
    22.4194      2.564   41.24310  -72.06846    250.811     8.0258      8.082    17.8148    31.2143          0      3.748  0.000e+00
    22.4217      2.513   41.24310  -72.06846    250.931     8.0297      8.082    17.8143    31.2171          0      3.673  0.000e+00
    22.4230      2.468   41.24310  -72.06846    250.938     8.0299      8.077    17.8143    31.2188          0      3.607  0.000e+00
    22.4234      2.513   41.24310  -72.06846    250.950     8.0303      8.082    17.8141    31.2193          0      3.673  0.000e+00
    22.4224      2.513   41.24310  -72.06846    250.835     8.0266      8.082    17.8144    31.2181          0      3.673  0.000e+00
    22.4210      2.468   41.24310  -72.06846    250.707     8.0225      8.082    17.8151    31.2164          0      3.607  0.000e+00
    22.4213      2.513   41.24310  -72.06846    250.701     8.0223      8.077    17.8148    31.2167          0      3.673  0.000e+00
    22.4230      2.513   41.24310  -72.06846    250.566     8.0180      8.082    17.8144    31.2188          0      3.673  0.000e+00
    22.4237      2.513   41.24310  -72.06846    250.536     8.0171      8.082    17.8144    31.2197          0      3.673  0.000e+00
    22.4224      2.513   41.24310  -72.06846    250.510     8.0162      8.082    17.8149    31.2182          0      3.673  0.000e+00
    22.4194      2.513   41.24310  -72.06846    250.358     8.0114      8.077    17.8160    31.2147          0      3.673  0.000e+00
    22.4148      2.513   41.24310  -72.06846    250.325     8.0103      8.082    17.8175    31.2090          0      3.673  0.000e+00
    22.4097      2.513   41.24310  -72.06846    250.291     8.0092      8.077    17.8198    31.2031          0      3.673  0.000e+00
    22.4064      2.513   41.24310  -72.06846    250.263     8.0083      8.077    17.8208    31.1990          0      3.673  0.000e+00
    22.4045      2.513   41.24310  -72.06846    250.235     8.0074      8.077    17.8217    31.1970          0      3.673  0.000e+00
    22.4036      2.513   41.24310  -72.06846    250.224     8.0071      8.082    17.8220    31.1958          0      3.673  0.000e+00
    22.4021      2.564   41.24310  -72.06846    250.204     8.0064      8.082    17.8227    31.1941          0      3.748  0.000e+00
    22.4009      2.513   41.24310  -72.06846    250.184     8.0058      8.077    17.8231    31.1927          0      3.673  0.000e+00
    22.4009      2.513   41.24310  -72.06846    250.181     8.0057      8.077    17.8231    31.1926          0      3.673  0.000e+00
    22.4006      2.564   41.24310  -72.06846    250.169     8.0053      8.077    17.8232    31.1923          0      3.748  0.000e+00
    22.3997      2.564   41.24310  -72.06846    250.160     8.0050      8.082    17.8234    31.1912          0      3.748  0.000e+00
    22.3981      2.513   41.24310  -72.06846    250.164     8.0051      8.077    17.8238    31.1892          0      3.673  0.000e+00
    22.3972      2.564   41.24310  -72.06846    250.158     8.0049      8.077    17.8245    31.1883          0      3.748  0.000e+00
    22.3972      2.513   41.24310  -72.06846    250.294     8.0093      8.077    17.8243    31.1882          0      3.673  0.000e+00
    22.3976      2.564   41.24310  -72.06846    250.193     8.0061      8.082    17.8241    31.1886          0      3.748  0.000e+00
    22.3977      2.564   41.24310  -72.06846    250.183     8.0057      8.082    17.8243    31.1889          0      3.748  0.000e+00
    22.3975      2.513   41.24310  -72.06846    250.313     8.0099      8.082    17.8244    31.1887          0      3.673  0.000e+00
    22.3976      2.564   41.24310  -72.06846    250.320     8.0101      8.077    17.8245    31.1887          0      3.748  0.000e+00
    22.3975      2.564   41.24310  -72.06846    250.329     8.0104      8.082    17.8245    31.1886          0      3.748  0.000e+00
    22.3973      2.513   41.24310  -72.06846    250.337     8.0107      8.082    17.8245    31.1883          0      3.673  0.000e+00
    22.3972      2.564   41.24310  -72.06846    250.348     8.0110      8.077    17.8246    31.1883          0      3.748  0.000e+00
    22.3970      2.564   41.24310  -72.06846    250.361     8.0115      8.077    17.8246    31.1880          0      3.748  0.000e+00
    22.3967      2.564   41.24310  -72.06846    250.503     8.0160      8.077    17.8246    31.1876          0      3.748  0.000e+00
    22.3966      2.513   41.24310  -72.06846    250.516     8.0164      8.082    17.8246    31.1875          0      3.673  0.000e+00
    22.3971      2.564   41.24310  -72.06846    250.416     8.0132      8.082    17.8246    31.1882          0      3.748  0.000e+00
    22.3979      2.513   41.24310  -72.06844    250.560     8.0178      8.082    17.8241    31.1890          0      3.673  0.000e+00
    22.3987      2.564   41.24310  -72.06844    250.464     8.0147      8.077    17.8239    31.1900          0      3.748  0.000e+00
    22.3991      2.513   41.24310  -72.06844    250.610     8.0194      8.073    17.8236    31.1905          0      3.673  0.000e+00
    22.3996      2.564   41.24310  -72.06844    250.516     8.0164      8.082    17.8234    31.1910          0      3.748  0.000e+00
    22.4002      2.513   41.24310  -72.06844    250.664     8.0211      8.082    17.8231    31.1917          0      3.673  0.000e+00
    22.4001      2.513   41.24310  -72.06844    250.687     8.0219      8.077    17.8231    31.1915          0      3.673  0.000e+00
    22.3998      2.564   41.24310  -72.06844    250.713     8.0227      8.077    17.8229    31.1911          0      3.748  0.000e+00
    22.3995      2.513   41.24310  -72.06844    250.748     8.0238      8.077    17.8227    31.1907          0      3.673  0.000e+00
    22.3991      2.513   41.24310  -72.06844    250.911     8.0290      8.077    17.8231    31.1902          0      3.673  0.000e+00
    22.3994      2.513   41.24310  -72.06844    250.960     8.0306      8.077    17.8229    31.1906          0      3.673  0.000e+00
    22.3996      2.513   41.24310  -72.06844    250.997     8.0318      8.077    17.8229    31.1909          0      3.673  0.000e+00
    22.3992      2.513   41.24310  -72.06844    251.046     8.0334      8.086    17.8231    31.1904          0      3.673  0.000e+00
    22.3984      2.513   41.24310  -72.06844    251.096     8.0350      8.077    17.8232    31.1894          0      3.673  0.000e+00
    22.3975      2.513   41.24310  -72.06844    251.145     8.0365      8.082    17.8238    31.1883          0      3.673  0.000e+00
    22.3969      2.513   41.24310  -72.06844    251.183     8.0377      8.082    17.8241    31.1877          0      3.673  0.000e+00
    22.3963      2.513   41.24310  -72.06844    251.362     8.0435      8.082    17.8241    31.1869          0      3.673  0.000e+00
    22.3957      2.513   41.24310  -72.06844    251.424     8.0455      8.077    17.8245    31.1862          0      3.673  0.000e+00
    22.3956      2.513   41.24310  -72.06844    251.359     8.0434      8.082    17.8246    31.1862          0      3.673  0.000e+00
    22.3958      2.513   41.24310  -72.06844    251.525     8.0487      8.082    17.8245    31.1864          0      3.673  0.000e+00
    22.3949      2.513   41.24310  -72.06844    251.691     8.0540      8.082    17.8248    31.1853          0      3.673  0.000e+00
    22.3924      2.513   41.24310  -72.06844    251.610     8.0514      8.082    17.8260    31.1824          0      3.673  0.000e+00
    22.3909      2.513   41.24310  -72.06844    251.635     8.0522      8.082    17.8262    31.1806          0      3.673  0.000e+00
    22.3906      2.513   41.24310  -72.06844    251.782     8.0569      8.068    17.8265    31.1802          0      3.673  0.000e+00
    22.3905      2.468   41.24310  -72.06844    251.813     8.0579      8.082    17.8265    31.1801          0      3.607  0.000e+00
    22.3903      2.564   41.24310  -72.06842    251.960     8.0626      8.077    17.8267    31.1798          0      3.748  0.000e+00
    22.3901      2.513   41.24310  -72.06842    251.984     8.0634      8.082    17.8267    31.1796          0      3.673  0.000e+00
    22.3898      2.513   41.24310  -72.06842    252.008     8.0641      8.082    17.8267    31.1793          0      3.673  0.000e+00
    22.3892      2.513   41.24310  -72.06842    252.030     8.0648      8.082    17.8267    31.1785          0      3.673  0.000e+00
    22.3884      2.513   41.24310  -72.06842    252.046     8.0654      8.082    17.8272    31.1775          0      3.673  0.000e+00
    22.3881      2.513   41.24310  -72.06842    252.060     8.0658      8.086    17.8274    31.1772          0      3.673  0.000e+00
    22.3875      2.513   41.24310  -72.06842    252.072     8.0662      8.077    17.8274    31.1765          0      3.673  0.000e+00
    22.3878      2.513   41.24310  -72.06842    252.080     8.0664      8.077    17.8274    31.1768          0      3.673  0.000e+00
    22.3877      2.513   41.24310  -72.06842    252.212     8.0707      8.082    17.8276    31.1768          0      3.673  0.000e+00
    22.3879      2.564   41.24310  -72.06842    252.227     8.0712      8.077    17.8275    31.1770          0      3.748  0.000e+00
    22.3878      2.513   41.24310  -72.06842    252.362     8.0755      8.077    17.8277    31.1769          0      3.673  0.000e+00
    22.3881      2.513   41.24310  -72.06842    252.381     8.0761      8.077    17.8276    31.1772          0      3.673  0.000e+00
    22.3881      2.564   41.24310  -72.06842    252.396     8.0766      8.077    17.8276    31.1773          0      3.748  0.000e+00
    22.3885      2.564   41.24310  -72.06842    252.419     8.0773      8.077    17.8275    31.1778          0      3.748  0.000e+00
    22.3891      2.564   41.24310  -72.06842    252.426     8.0775      8.073    17.8272    31.1784          0      3.748  0.000e+00
    22.3893      2.513   41.24310  -72.06842    252.554     8.0816      8.077    17.8272    31.1788          0      3.673  0.000e+00
    22.3894      2.564   41.24310  -72.06842    252.451     8.0783      8.077    17.8272    31.1788          0      3.748  0.000e+00
    22.3902      2.564   41.24310  -72.06842    252.585     8.0826      8.077    17.8270    31.1799          0      3.748  0.000e+00
    22.3901      2.564   41.24310  -72.06842    252.473     8.0790      8.077    17.8272    31.1798          0      3.748  0.000e+00
    22.3905      2.513   41.24310  -72.06842    252.599     8.0831      8.077    17.8269    31.1803          0      3.673  0.000e+00
    22.3914      2.564   41.24310  -72.06842    252.608     8.0833      8.082    17.8267    31.1813          0      3.748  0.000e+00
    22.3926      2.564   41.24310  -72.06842    252.740     8.0876      8.082    17.8262    31.1828          0      3.748  0.000e+00
    22.3932      2.564   41.24310  -72.06842    252.891     8.0924      8.077    17.8258    31.1834          0      3.748  0.000e+00
    22.3932      2.564   41.24310  -72.06840    252.794     8.0893      8.082    17.8260    31.1834          0      3.748  0.000e+00
    22.3931      2.564   41.24310  -72.06840    252.799     8.0894      8.077    17.8258    31.1833          0      3.748  0.000e+00
    22.3928      2.564   41.24310  -72.06840    252.808     8.0897      8.082    17.8262    31.1830          0      3.748  0.000e+00
    22.3931      2.564   41.24310  -72.06840    252.804     8.0896      8.077    17.8258    31.1833          0      3.748  0.000e+00
    22.3926      2.564   41.24310  -72.06840    252.806     8.0897      8.077    17.8261    31.1828          0      3.748  0.000e+00
    22.3928      2.564   41.24310  -72.06840    252.665     8.0852      8.082    17.8260    31.1830          0      3.748  0.000e+00
    22.3929      2.564   41.24310  -72.06840    252.648     8.0846      8.082    17.8260    31.1831          0      3.748  0.000e+00
    22.3928      2.564   41.24310  -72.06840    252.627     8.0840      8.082    17.8260    31.1829          0      3.748  0.000e+00
    22.3930      2.564   41.24310  -72.06840    252.603     8.0832      8.082    17.8258    31.1831          0      3.748  0.000e+00
    22.3932      2.564   41.24310  -72.06840    252.448     8.0782      8.082    17.8258    31.1834          0      3.748  0.000e+00
    22.3930      2.564   41.24310  -72.06840    252.290     8.0732      8.077    17.8260    31.1832          0      3.748  0.000e+00
    22.3932      2.564   41.24310  -72.06840    252.247     8.0718      8.077    17.8258    31.1834          0      3.748  0.000e+00
    22.3928      2.564   41.24310  -72.06840    252.201     8.0703      8.082    17.8260    31.1829          0      3.748  0.000e+00
    22.3927      2.564   41.24310  -72.06840    252.025     8.0647      8.082    17.8261    31.1829          0      3.748  0.000e+00
    22.3926      2.564   41.24310  -72.06840    251.965     8.0628      8.082    17.8260    31.1826          0      3.748  0.000e+00
    22.3926      2.564   41.24310  -72.06840    251.903     8.0608      8.082    17.8258    31.1827          0      3.748  0.000e+00
    22.3919      2.564   41.24310  -72.06840    251.711     8.0546      8.073    17.8262    31.1819          0      3.748  0.000e+00
    22.3919      2.564   41.24310  -72.06840    251.647     8.0526      8.077    17.8261    31.1818          0      3.748  0.000e+00
    22.3917      2.564   41.24310  -72.06840    251.582     8.0505      8.082    17.8262    31.1815          0      3.748  0.000e+00
    22.3920      2.564   41.24310  -72.06840    251.502     8.0480      8.082    17.8264    31.1820          0      3.748  0.000e+00
    22.3922      2.513   41.24310  -72.06840    251.307     8.0417      8.082    17.8262    31.1822          0      3.673  0.000e+00
    22.3921      2.564   41.24310  -72.06840    251.116     8.0356      8.082    17.8262    31.1820          0      3.748  0.000e+00
    22.3920      2.564   41.24310  -72.06840    251.026     8.0327      8.077    17.8263    31.1819          0      3.748  0.000e+00
    22.3914      2.564   41.24310  -72.06840    250.938     8.0299      8.077    17.8264    31.1813          0      3.748  0.000e+00
    22.3911      2.564   41.24308  -72.06838    250.860     8.0274      8.082    17.8267    31.1810          0      3.748  0.000e+00
    22.3908      2.513   41.24308  -72.06838    250.784     8.0250      8.077    17.8267    31.1806          0      3.673  0.000e+00
    22.3906      2.564   41.24308  -72.06838    250.725     8.0231      8.077    17.8267    31.1803          0      3.748  0.000e+00
    22.3900      2.564   41.24308  -72.06838    250.665     8.0212      8.082    17.8269    31.1795          0      3.748  0.000e+00
    22.3898      2.513   41.24308  -72.06838    250.605     8.0192      8.082    17.8269    31.1793          0      3.673  0.000e+00
    22.3894      2.564   41.24308  -72.06838    250.551     8.0175      8.082    17.8267    31.1787          0      3.748  0.000e+00
    22.3887      2.564   41.24308  -72.06838    250.495     8.0157      8.082    17.8270    31.1779          0      3.748  0.000e+00
    22.3875      2.513   41.24308  -72.06838    250.438     8.0139      8.077    17.8275    31.1765          0      3.673  0.000e+00
    22.3871      2.564   41.24308  -72.06838    250.388     8.0123      8.082    17.8276    31.1759          0      3.748  0.000e+00
