cruise2/ctd/proc/threev0.cnv
* Sea-Bird SBE 9 Data File:
* FileName = C:\Users\Tech\Documents\DataFiles\SBE 9\three.hex
* Software Version Seasave V 7.26.7.107
* Temperature SN = 2735
* Conductivity SN = 2257
* Number of Bytes Per Scan = 44
* Number of Voltage Words = 4
* Number of Scans Averaged by the Deck Unit = 1
* NMEA Latitude = 41 14.59 N
* NMEA Longitude = 072 04.11 W
* NMEA UTC (Time) = Oct 12 2022  23:14:44
* NMEA baud rate = 4800
# nquan = 12
# nvalues = 8455                                  
# units = specified
# name 0 = sigma-t00: Density [sigma-t, kg/m^3 ]
# name 1 = depSM: Depth [salt water, m]
# name 2 = latitude: Latitude [deg]
# name 3 = longitude: Longitude [deg]
# name 4 = sbeox0Mm/L: Oxygen, SBE 43 [umol/l]
# name 5 = sbeox0Mg/L: Oxygen, SBE 43 [mg/l]
# name 6 = ph: pH
# name 7 = t090C: Temperature [ITS-90, deg C]
# name 8 = sal00: Salinity, Practical [PSU]
# name 9 = nbf: Bottles Fired
# name 10 = prDE: Pressure, Digiquartz [psi]
# name 11 = flag:  0.000e+00
# span 0 =    22.2819,    22.8151                 
# span 1 =      1.411,     46.898                 
# span 2 =   41.24230,   41.24312                 
# span 3 =  -72.06856,  -72.06532                 
# span 4 =    238.373,    254.191                 
# span 5 =     7.6278,     8.1340                 
# span 6 =      8.042,      8.091                 
# span 7 =    17.5212,    17.8430                 
# span 8 =    31.0296,    31.6401                 
# span 9 =          0,          7                 
# span 10 =      2.062,     68.561                
# span 11 = 0.0000e+00, 0.0000e+00                
# interval = seconds: 0.0416667
# start_time = Oct 12 2022 23:14:48 [System UTC, header]
# bad_flag = -9.990e-29
*END*
[from data line 4211]
    22.7968     41.328   41.24238  -72.06652    240.785     7.7050      8.056    17.5361    31.6208          2     60.417  0.000e+00
    22.7967     41.251   41.24238  -72.06652    240.765     7.7044      8.056    17.5364    31.6208          2     60.304  0.000e+00
    22.7959     41.238   41.24238  -72.06652    240.760     7.7042      8.056    17.5369    31.6199          2     60.285  0.000e+00
    22.7959     41.206   41.24238  -72.06652    240.627     7.7000      8.060    17.5369    31.6200          2     60.238  0.000e+00
    22.7960     41.187   41.24238  -72.06652    240.741     7.7036      8.056    17.5369    31.6201          2     60.210  0.000e+00
    22.7963     41.142   41.24238  -72.06652    240.739     7.7035      8.056    17.5366    31.6204          2     60.144  0.000e+00
    22.7960     41.116   41.24238  -72.06652    240.737     7.7035      8.056    17.5367    31.6200          2     60.107  0.000e+00
    22.7961     41.097   41.24238  -72.06652    240.749     7.7039      8.056    17.5366    31.6201          2     60.079  0.000e+00
    22.7961     41.065   41.24238  -72.06652    240.761     7.7042      8.056    17.5367    31.6202          2     60.032  0.000e+00
    22.7964     41.000   41.24238  -72.06652    240.761     7.7042      8.056    17.5366    31.6205          2     59.938  0.000e+00
    22.7960     41.020   41.24238  -72.06652    240.763     7.7043      8.056    17.5367    31.6201          2     59.966  0.000e+00
    22.7959     40.955   41.24238  -72.06652    240.763     7.7043      8.056    17.5369    31.6199          2     59.872  0.000e+00
    22.7959     40.975   41.24238  -72.06652    240.638     7.7003      8.056    17.5369    31.6199          2     59.900  0.000e+00
    22.7956     40.910   41.24238  -72.06652    240.626     7.6999      8.056    17.5375    31.6197          2     59.806  0.000e+00
    22.7953     40.878   41.24238  -72.06652    240.617     7.6996      8.056    17.5376    31.6194          2     59.760  0.000e+00
    22.7954     40.859   41.24238  -72.06652    240.611     7.6994      8.056    17.5375    31.6195          2     59.731  0.000e+00
    22.7946     40.814   41.24238  -72.06652    240.602     7.6991      8.056    17.5383    31.6186          2     59.666  0.000e+00
    22.7941     40.833   41.24238  -72.06652    240.609     7.6994      8.056    17.5388    31.6182          2     59.694  0.000e+00
    22.7937     40.769   41.24238  -72.06652    240.602     7.6992      8.056    17.5394    31.6178          2     59.600  0.000e+00
    22.7928     40.737   41.24238  -72.06652    240.599     7.6990      8.060    17.5399    31.6169          2     59.553  0.000e+00
    22.7930     40.718   41.24238  -72.06652    240.609     7.6994      8.056    17.5400    31.6171          2     59.525  0.000e+00
    22.7927     40.692   41.24238  -72.06652    240.750     7.7039      8.056    17.5402    31.6168          2     59.487  0.000e+00
    22.7927     40.628   41.24238  -72.06652    240.762     7.7043      8.056    17.5402    31.6168          2     59.394  0.000e+00
    22.7929     40.641   41.24238  -72.06652    240.649     7.7006      8.056    17.5402    31.6170          2     59.412  0.000e+00
    22.7927     40.577   41.24238  -72.06652    240.780     7.7049      8.056    17.5400    31.6168          2     59.318  0.000e+00
    22.7928     40.532   41.24238  -72.06652    240.808     7.7057      8.056    17.5400    31.6169          2     59.253  0.000e+00
    22.7931     40.596   41.24238  -72.06652    240.838     7.7067      8.056    17.5402    31.6173          2     59.347  0.000e+00
    22.7929     40.487   41.24238  -72.06652    240.983     7.7113      8.056    17.5400    31.6169          2     59.187  0.000e+00
    22.7928     40.500   41.24238  -72.06652    240.874     7.7078      8.056    17.5399    31.6168          2     59.206  0.000e+00
    22.7931     40.435   41.24238  -72.06650    240.876     7.7079      8.060    17.5400    31.6172          2     59.112  0.000e+00
    22.7931     40.410   41.24238  -72.06650    240.882     7.7081      8.056    17.5399    31.6172          2     59.074  0.000e+00
    22.7932     40.435   41.24238  -72.06650    240.901     7.7087      8.056    17.5397    31.6173          2     59.112  0.000e+00
    22.7937     40.313   41.24238  -72.06650    240.905     7.7088      8.056    17.5394    31.6178          2     58.934  0.000e+00
    22.7938     40.346   41.24238  -72.06650    241.040     7.7132      8.060    17.5394    31.6179          2     58.981  0.000e+00
    22.7941     40.346   41.24238  -72.06650    241.059     7.7138      8.056    17.5390    31.6182          2     58.981  0.000e+00
    22.7942     40.268   41.24238  -72.06650    241.075     7.7143      8.056    17.5388    31.6184          2     58.868  0.000e+00
    22.7939     40.249   41.24238  -72.06650    241.091     7.7148      8.056    17.5390    31.6179          2     58.840  0.000e+00
    22.7943     40.217   41.24238  -72.06650    241.107     7.7153      8.056    17.5387    31.6184          2     58.793  0.000e+00
    22.7944     40.204   41.24238  -72.06650    241.122     7.7158      8.056    17.5387    31.6185          2     58.774  0.000e+00
    22.7942     40.172   41.24238  -72.06650    241.137     7.7163      8.056    17.5387    31.6182          2     58.727  0.000e+00
    22.7947     40.108   41.24238  -72.06650    241.150     7.7167      8.056    17.5385    31.6188          2     58.633  0.000e+00
    22.7946     40.063   41.24238  -72.06650    241.163     7.7171      8.056    17.5385    31.6188          2     58.568  0.000e+00
    22.7943     40.127   41.24238  -72.06650    241.179     7.7176      8.060    17.5385    31.6184          2     58.661  0.000e+00
    22.7948     40.063   41.24238  -72.06650    241.192     7.7180      8.060    17.5381    31.6189          2     58.568  0.000e+00
    22.7947     40.031   41.24238  -72.06650    241.202     7.7184      8.056    17.5383    31.6189          2     58.521  0.000e+00
    22.7942     40.012   41.24238  -72.06650    241.085     7.7146      8.056    17.5387    31.6183          2     58.492  0.000e+00
    22.7939     39.986   41.24238  -72.06650    240.942     7.7100      8.060    17.5388    31.6179          2     58.455  0.000e+00
    22.7937     39.922   41.24238  -72.06650    240.928     7.7096      8.056    17.5390    31.6177          2     58.361  0.000e+00
    22.7938     39.941   41.24238  -72.06650    241.033     7.7129      8.060    17.5388    31.6178          2     58.389  0.000e+00
    22.7938     39.870   41.24238  -72.06650    240.901     7.7087      8.056    17.5390    31.6179          2     58.286  0.000e+00
    22.7940     39.870   41.24238  -72.06650    241.017     7.7124      8.056    17.5392    31.6181          2     58.286  0.000e+00
    22.7936     39.845   41.24238  -72.06650    241.017     7.7124      8.060    17.5392    31.6177          2     58.248  0.000e+00
    22.7937     39.826   41.24238  -72.06650    241.005     7.7121      8.056    17.5390    31.6177          2     58.220  0.000e+00
    22.7934     39.749   41.24238  -72.06650    241.003     7.7120      8.056    17.5392    31.6174          2     58.108  0.000e+00
    22.7932     39.781   41.24238  -72.06650    241.003     7.7120      8.056    17.5394    31.6172          2     58.155  0.000e+00
    22.7928     39.729   41.24238  -72.06650    240.999     7.7119      8.056    17.5399    31.6168          2     58.079  0.000e+00
    22.7928     39.704   41.24238  -72.06650    240.999     7.7118      8.056    17.5399    31.6168          2     58.042  0.000e+00
    22.7931     39.684   41.24238  -72.06650    240.997     7.7118      8.060    17.5399    31.6172          2     58.014  0.000e+00
    22.7929     39.659   41.24238  -72.06650    240.997     7.7118      8.060    17.5399    31.6169          2     57.976  0.000e+00
    22.7933     39.588   41.24238  -72.06650    240.995     7.7117      8.060    17.5397    31.6174          2     57.873  0.000e+00
    22.7930     39.607   41.24238  -72.06650    240.994     7.7117      8.056    17.5400    31.6171          2     57.901  0.000e+00
    22.7931     39.588   41.24238  -72.06650    240.982     7.7113      8.056    17.5399    31.6171          2     57.873  0.000e+00
    22.7929     39.543   41.24238  -72.06650    240.968     7.7109      8.056    17.5399    31.6169          2     57.807  0.000e+00
    22.7928     39.517   41.24238  -72.06650    240.824     7.7063      8.056    17.5400    31.6169          2     57.770  0.000e+00
    22.7929     39.498   41.24238  -72.06650    240.927     7.7095      8.056    17.5399    31.6169          2     57.742  0.000e+00
    22.7927     39.466   41.24238  -72.06650    240.910     7.7090      8.060    17.5402    31.6168          2     57.695  0.000e+00
    22.7928     39.453   41.24238  -72.06650    240.896     7.7086      8.056    17.5400    31.6168          2     57.676  0.000e+00
    22.7926     39.421   41.24238  -72.06650    240.879     7.7080      8.056    17.5402    31.6166          2     57.629  0.000e+00
    22.7926     39.357   41.24238  -72.06650    240.861     7.7074      8.060    17.5402    31.6167          2     57.535  0.000e+00
    22.7929     39.402   41.24238  -72.06650    240.847     7.7070      8.056    17.5400    31.6170          2     57.601  0.000e+00
    22.7930     39.325   41.24238  -72.06650    240.840     7.7068      8.056    17.5400    31.6171          2     57.488  0.000e+00
    22.7928     39.312   41.24238  -72.06650    240.836     7.7066      8.060    17.5400    31.6169          2     57.469  0.000e+00
    22.7928     39.280   41.24238  -72.06650    240.817     7.7060      8.056    17.5402    31.6169          2     57.422  0.000e+00
    22.7928     39.261   41.24238  -72.06650    240.813     7.7059      8.056    17.5400    31.6169          2     57.394  0.000e+00
    22.7928     39.216   41.24238  -72.06650    240.936     7.7098      8.056    17.5400    31.6168          2     57.329  0.000e+00
    22.7928     39.235   41.24238  -72.06650    240.942     7.7100      8.056    17.5402    31.6169          2     57.357  0.000e+00
    22.7928     39.171   41.24238  -72.06650    240.961     7.7106      8.056    17.5400    31.6169          2     57.263  0.000e+00
    22.7928     39.139   41.24238  -72.06650    240.966     7.7108      8.056    17.5400    31.6169          2     57.216  0.000e+00
    22.7927     39.119   41.24238  -72.06650    240.843     7.7069      8.056    17.5402    31.6167          2     57.188  0.000e+00
    22.7929     39.119   41.24238  -72.06650    240.837     7.7067      8.056    17.5400    31.6171          2     57.188  0.000e+00
    22.7925     39.094   41.24238  -72.06650    240.958     7.7106      8.060    17.5402    31.6166          2     57.150  0.000e+00
    22.7926     39.029   41.24238  -72.06650    240.834     7.7066      8.056    17.5402    31.6166          2     57.056  0.000e+00
    22.7924     38.997   41.24238  -72.06650    240.967     7.7108      8.056    17.5404    31.6164          2     57.009  0.000e+00
    22.7922     38.978   41.24238  -72.06650    240.984     7.7114      8.060    17.5406    31.6162          2     56.981  0.000e+00
    22.7920     38.978   41.24238  -72.06650    240.872     7.7078      8.056    17.5409    31.6161          2     56.981  0.000e+00
    22.7918     38.952   41.24238  -72.06650    241.006     7.7121      8.056    17.5410    31.6159          2     56.944  0.000e+00
    22.7918     38.888   41.24238  -72.06650    241.023     7.7126      8.060    17.5410    31.6159          2     56.850  0.000e+00
    22.7915     38.908   41.24238  -72.06650    241.042     7.7132      8.056    17.5412    31.6155          2     56.878  0.000e+00
    22.7914     38.837   41.24238  -72.06650    241.059     7.7138      8.056    17.5410    31.6153          2     56.775  0.000e+00
    22.7915     38.837   41.24238  -72.06650    241.077     7.7144      8.056    17.5412    31.6156          2     56.775  0.000e+00
    22.7918     38.811   41.24238  -72.06650    241.095     7.7149      8.056    17.5410    31.6159          2     56.737  0.000e+00
    22.7918     38.792   41.24238  -72.06650    241.242     7.7196      8.056    17.5410    31.6159          2     56.709  0.000e+00
    22.7911     38.715   41.24238  -72.06650    241.268     7.7205      8.060    17.5418    31.6151          2     56.597  0.000e+00
    22.7905     38.696   41.24238  -72.06650    241.168     7.7173      8.056    17.5421    31.6146          2     56.568  0.000e+00
    22.7897     38.696   41.24238  -72.06650    241.169     7.7173      8.060    17.5431    31.6137          2     56.568  0.000e+00
    22.7887     38.670   41.24238  -72.06650    241.158     7.7169      8.056    17.5438    31.6126          2     56.531  0.000e+00
    22.7882     38.651   41.24238  -72.06650    241.146     7.7166      8.065    17.5443    31.6121          2     56.503  0.000e+00
    22.7883     38.625   41.24238  -72.06650    241.020     7.7125      8.060    17.5442    31.6123          2     56.465  0.000e+00
    22.7890     38.554   41.24238  -72.06650    241.125     7.7159      8.056    17.5438    31.6130          2     56.362  0.000e+00
    22.7894     38.554   41.24238  -72.06650    241.128     7.7160      8.056    17.5434    31.6135          2     56.362  0.000e+00
    22.7887     38.574   41.24238  -72.06650    241.129     7.7160      8.056    17.5438    31.6127          2     56.390  0.000e+00
    22.7879     38.465   41.24238  -72.06648    241.123     7.7158      8.060    17.5447    31.6119          2     56.231  0.000e+00
    22.7870     38.484   41.24238  -72.06648    241.120     7.7157      8.056    17.5456    31.6110          2     56.259  0.000e+00
    22.7867     38.465   41.24238  -72.06648    241.118     7.7157      8.065    17.5459    31.6107          2     56.230  0.000e+00
    22.7864     38.413   41.24238  -72.06648    241.242     7.7196      8.060    17.5462    31.6104          2     56.155  0.000e+00
    22.7860     38.388   41.24238  -72.06648    241.122     7.7158      8.060    17.5465    31.6100          2     56.118  0.000e+00
    22.7854     38.413   41.24238  -72.06648    241.118     7.7157      8.056    17.5471    31.6094          2     56.155  0.000e+00
    22.7856     38.298   41.24238  -72.06648    241.112     7.7155      8.060    17.5469    31.6096          2     55.986  0.000e+00
    22.7856     38.368   41.24238  -72.06648    241.111     7.7154      8.060    17.5469    31.6096          2     56.090  0.000e+00
    22.7855     38.227   41.24238  -72.06648    241.103     7.7152      8.060    17.5469    31.6094          2     55.883  0.000e+00
    22.7859     38.298   41.24238  -72.06648    241.103     7.7152      8.060    17.5464    31.6098          2     55.986  0.000e+00
    22.7862     38.227   41.24238  -72.06648    241.095     7.7149      8.060    17.5464    31.6102          2     55.883  0.000e+00
    22.7863     38.227   41.24238  -72.06648    240.948     7.7102      8.051    17.5464    31.6104          2     55.883  0.000e+00
    22.7860     38.156   41.24238  -72.06648    241.055     7.7137      8.056    17.5466    31.6100          2     55.780  0.000e+00
    22.7858     38.182   41.24238  -72.06648    241.049     7.7135      8.056    17.5468    31.6098          2     55.818  0.000e+00
    22.7856     38.105   41.24238  -72.06648    240.909     7.7090      8.056    17.5472    31.6097          2     55.705  0.000e+00
    22.7848     38.137   41.24238  -72.06648    240.889     7.7083      8.056    17.5478    31.6088          2     55.752  0.000e+00
    22.7844     38.086   41.24238  -72.06648    240.996     7.7118      8.056    17.5480    31.6084          2     55.677  0.000e+00
    22.7842     38.015   41.24238  -72.06648    241.113     7.7155      8.060    17.5483    31.6082          2     55.574  0.000e+00
