cruise2/ctd/proc/threev0.cnv
* Sea-Bird SBE 9 Data File:
* FileName = C:\Users\Tech\Documents\DataFiles\SBE 9\three.hex
* Software Version Seasave V 7.26.7.107
* Temperature SN = 2735
* Conductivity SN = 2257
* Number of Bytes Per Scan = 44
* Number of Voltage Words = 4
* Number of Scans Averaged by the Deck Unit = 1
* NMEA Latitude = 41 14.59 N
* NMEA Longitude = 072 04.11 W
* NMEA UTC (Time) = Oct 12 2022  23:14:44
* NMEA baud rate = 4800
# nquan = 12
# nvalues = 8455                                  
# units = specified
# name 0 = sigma-t00: Density [sigma-t, kg/m^3 ]
# name 1 = depSM: Depth [salt water, m]
# name 2 = latitude: Latitude [deg]
# name 3 = longitude: Longitude [deg]
# name 4 = sbeox0Mm/L: Oxygen, SBE 43 [umol/l]
# name 5 = sbeox0Mg/L: Oxygen, SBE 43 [mg/l]
# name 6 = ph: pH
# name 7 = t090C: Temperature [ITS-90, deg C]
# name 8 = sal00: Salinity, Practical [PSU]
# name 9 = nbf: Bottles Fired
# name 10 = prDE: Pressure, Digiquartz [psi]
# name 11 = flag:  0.000e+00
# span 0 =    22.2819,    22.8151                 
# span 1 =      1.411,     46.898                 
# span 2 =   41.24230,   41.24312                 
# span 3 =  -72.06856,  -72.06532                 
# span 4 =    238.373,    254.191                 
# span 5 =     7.6278,     8.1340                 
# span 6 =      8.042,      8.091                 
# span 7 =    17.5212,    17.8430                 
# span 8 =    31.0296,    31.6401                 
# span 9 =          0,          7                 
# span 10 =      2.062,     68.561                
# span 11 = 0.0000e+00, 0.0000e+00                
# interval = seconds: 0.0416667
# start_time = Oct 12 2022 23:14:48 [System UTC, header]
# bad_flag = -9.990e-29
*END*
[from data line 8181]
    22.2936      1.554   41.24242  -72.06540    251.642     8.0524      8.082    17.8110    31.0486          7      2.271  0.000e+00
    22.2946      1.554   41.24242  -72.06540    251.655     8.0528      8.082    17.8110    31.0499          7      2.271  0.000e+00
    22.2948      1.598   41.24242  -72.06540    251.547     8.0494      8.077    17.8111    31.0502          7      2.337  0.000e+00
    22.2950      1.554   41.24242  -72.06540    251.554     8.0496      8.082    17.8115    31.0505          7      2.271  0.000e+00
    22.2961      1.598   41.24242  -72.06540    251.683     8.0537      8.082    17.8115    31.0520          7      2.337  0.000e+00
    22.2958      1.554   41.24242  -72.06540    251.699     8.0543      8.077    17.8115    31.0516          7      2.271  0.000e+00
    22.2938      1.554   41.24242  -72.06540    251.725     8.0551      8.077    17.8113    31.0489          7      2.271  0.000e+00
    22.2912      1.598   41.24242  -72.06540    251.872     8.0598      8.082    17.8109    31.0454          7      2.336  0.000e+00
    22.2900      1.554   41.24242  -72.06540    251.898     8.0606      8.082    17.8108    31.0438          7      2.271  0.000e+00
    22.2895      1.598   41.24242  -72.06540    251.927     8.0616      8.082    17.8108    31.0431          7      2.336  0.000e+00
    22.2899      1.598   41.24242  -72.06540    251.954     8.0624      8.086    17.8110    31.0437          7      2.336  0.000e+00
    22.2909      1.554   41.24242  -72.06540    251.993     8.0637      8.082    17.8111    31.0451          7      2.271  0.000e+00
    22.2908      1.598   41.24242  -72.06540    252.155     8.0688      8.082    17.8111    31.0450          7      2.336  0.000e+00
    22.2901      1.553   41.24242  -72.06540    252.203     8.0704      8.082    17.8109    31.0439          7      2.271  0.000e+00
    22.2900      1.598   41.24242  -72.06540    252.254     8.0720      8.082    17.8106    31.0437          7      2.336  0.000e+00
    22.2891      1.598   41.24242  -72.06540    252.292     8.0732      8.082    17.8106    31.0426          7      2.336  0.000e+00
    22.2874      1.553   41.24242  -72.06540    252.462     8.0787      8.082    17.8103    31.0402          7      2.271  0.000e+00
    22.2858      1.598   41.24242  -72.06540    252.521     8.0806      8.077    17.8096    31.0379          7      2.336  0.000e+00
    22.2880      1.598   41.24242  -72.06538    252.556     8.0817      8.082    17.8094    31.0408          7      2.336  0.000e+00
    22.2924      1.598   41.24242  -72.06538    252.584     8.0826      8.091    17.8098    31.0466          7      2.336  0.000e+00
    22.2954      1.553   41.24242  -72.06538    252.610     8.0834      8.082    17.8106    31.0508          7      2.271  0.000e+00
    22.2972      1.598   41.24242  -72.06538    252.766     8.0884      8.077    17.8120    31.0536          7      2.336  0.000e+00
    22.2973      1.598   41.24242  -72.06538    252.950     8.0943      8.082    17.8129    31.0540          7      2.336  0.000e+00
    22.2976      1.553   41.24242  -72.06538    253.021     8.0966      8.082    17.8130    31.0544          7      2.271  0.000e+00
    22.2968      1.598   41.24242  -72.06538    253.083     8.0985      8.082    17.8134    31.0535          7      2.336  0.000e+00
    22.2961      1.598   41.24242  -72.06538    253.022     8.0966      8.077    17.8124    31.0523          7      2.336  0.000e+00
    22.2967      1.553   41.24242  -72.06538    253.194     8.1021      8.077    17.8125    31.0530          7      2.271  0.000e+00
    22.2984      1.598   41.24242  -72.06538    253.359     8.1074      8.082    17.8136    31.0557          7      2.336  0.000e+00
    22.3000      1.598   41.24242  -72.06538    253.408     8.1089      8.082    17.8143    31.0579          7      2.336  0.000e+00
    22.3004      1.553   41.24242  -72.06538    253.468     8.1109      8.082    17.8149    31.0587          7      2.271  0.000e+00
    22.3008      1.598   41.24242  -72.06538    253.518     8.1125      8.082    17.8153    31.0593          7      2.336  0.000e+00
    22.3000      1.553   41.24242  -72.06538    253.697     8.1182      8.082    17.8153    31.0582          7      2.271  0.000e+00
    22.2983      1.598   41.24242  -72.06538    253.631     8.1161      8.086    17.8137    31.0555          7      2.336  0.000e+00
    22.2970      1.553   41.24242  -72.06538    253.684     8.1178      8.077    17.8125    31.0535          7      2.271  0.000e+00
    22.2975      1.553   41.24242  -72.06538    253.851     8.1231      8.077    17.8130    31.0543          7      2.271  0.000e+00
    22.2971      1.598   41.24242  -72.06538    253.778     8.1208      8.082    17.8132    31.0539          7      2.336  0.000e+00
    22.2960      1.553   41.24242  -72.06538    253.821     8.1222      8.082    17.8126    31.0522          7      2.271  0.000e+00
    22.2950      1.598   41.24242  -72.06538    253.860     8.1234      8.082    17.8129    31.0509          7      2.336  0.000e+00
    22.2923      1.553   41.24242  -72.06538    253.893     8.1245      8.082    17.8118    31.0471          7      2.271  0.000e+00
    22.2891      1.553   41.24242  -72.06538    253.928     8.1256      8.077    17.8105    31.0425          7      2.271  0.000e+00
    22.2886      1.553   41.24242  -72.06538    254.065     8.1300      8.082    17.8099    31.0417          7      2.271  0.000e+00
    22.2884      1.598   41.24242  -72.06538    254.081     8.1305      8.064    17.8099    31.0414          7      2.336  0.000e+00
    22.2862      1.553   41.24242  -72.06538    254.084     8.1306      8.077    17.8095    31.0384          7      2.271  0.000e+00
    22.2847      1.553   41.24242  -72.06538    254.098     8.1310      8.077    17.8087    31.0363          7      2.271  0.000e+00
    22.2856      1.598   41.24242  -72.06538    253.972     8.1270      8.082    17.8089    31.0374          7      2.336  0.000e+00
    22.2881      1.553   41.24242  -72.06538    254.080     8.1305      8.077    17.8090    31.0407          7      2.271  0.000e+00
    22.2886      1.598   41.24242  -72.06538    254.074     8.1303      8.082    17.8096    31.0416          7      2.336  0.000e+00
    22.2870      1.553   41.24242  -72.06538    254.069     8.1301      8.082    17.8096    31.0395          7      2.271  0.000e+00
    22.2850      1.598   41.24242  -72.06538    254.191     8.1340      8.077    17.8097    31.0368          7      2.336  0.000e+00
    22.2845      1.553   41.24242  -72.06538    254.061     8.1298      8.082    17.8096    31.0362          7      2.271  0.000e+00
    22.2855      1.598   41.24242  -72.06538    254.044     8.1293      8.077    17.8094    31.0375          7      2.336  0.000e+00
    22.2862      1.598   41.24242  -72.06538    254.134     8.1322      8.082    17.8098    31.0384          7      2.336  0.000e+00
    22.2860      1.553   41.24242  -72.06538    253.978     8.1272      8.082    17.8099    31.0383          7      2.271  0.000e+00
    22.2864      1.598   41.24242  -72.06538    253.953     8.1264      8.077    17.8094    31.0386          7      2.336  0.000e+00
    22.2869      1.598   41.24242  -72.06538    253.917     8.1252      8.082    17.8096    31.0394          7      2.336  0.000e+00
    22.2880      1.598   41.24242  -72.06538    254.007     8.1281      8.082    17.8093    31.0408          7      2.336  0.000e+00
    22.2870      1.649   41.24242  -72.06538    253.994     8.1277      8.082    17.8094    31.0394          7      2.411  0.000e+00
    22.2851      1.598   41.24242  -72.06538    253.852     8.1232      8.082    17.8089    31.0368          7      2.336  0.000e+00
    22.2856      1.598   41.24242  -72.06538    253.815     8.1220      8.077    17.8092    31.0375          7      2.336  0.000e+00
    22.2885      1.598   41.24242  -72.06538    253.770     8.1205      8.082    17.8094    31.0414          7      2.336  0.000e+00
    22.2896      1.649   41.24242  -72.06538    253.726     8.1191      8.082    17.8099    31.0430          7      2.411  0.000e+00
    22.2904      1.598   41.24242  -72.06538    253.692     8.1180      8.077    17.8098    31.0441          7      2.336  0.000e+00
    22.2908      1.649   41.24242  -72.06538    253.658     8.1169      8.077    17.8101    31.0446          7      2.411  0.000e+00
    22.2909      1.649   41.24242  -72.06538    253.623     8.1158      8.077    17.8099    31.0446          7      2.411  0.000e+00
    22.2901      1.598   41.24242  -72.06538    253.582     8.1145      8.077    17.8103    31.0438          7      2.336  0.000e+00
    22.2907      1.649   41.24242  -72.06538    253.556     8.1137      8.077    17.8099    31.0444          7      2.411  0.000e+00
    22.2903      1.649   41.24242  -72.06538    253.651     8.1167      8.077    17.8103    31.0440          7      2.411  0.000e+00
    22.2903      1.598   41.24242  -72.06538    253.627     8.1159      8.077    17.8105    31.0440          7      2.336  0.000e+00
    22.2903      1.649   41.24242  -72.06538    253.606     8.1153      8.082    17.8103    31.0440          7      2.411  0.000e+00
    22.2886      1.649   41.24242  -72.06538    253.586     8.1146      8.077    17.8098    31.0417          7      2.411  0.000e+00
    22.2879      1.649   41.24242  -72.06538    253.572     8.1142      8.082    17.8096    31.0407          7      2.411  0.000e+00
    22.2894      1.598   41.24242  -72.06538    253.563     8.1139      8.082    17.8094    31.0425          7      2.336  0.000e+00
    22.2896      1.649   41.24242  -72.06538    253.426     8.1095      8.082    17.8099    31.0429          7      2.411  0.000e+00
    22.2900      1.649   41.24242  -72.06538    253.408     8.1089      8.082    17.8095    31.0433          7      2.411  0.000e+00
    22.2898      1.649   41.24242  -72.06538    253.500     8.1119      8.082    17.8098    31.0432          7      2.411  0.000e+00
    22.2903      1.649   41.24242  -72.06538    253.488     8.1115      8.077    17.8098    31.0438          7      2.411  0.000e+00
    22.2909      1.649   41.24242  -72.06538    253.485     8.1114      8.082    17.8099    31.0446          7      2.411  0.000e+00
    22.2918      1.598   41.24242  -72.06538    253.351     8.1071      8.082    17.8103    31.0460          7      2.336  0.000e+00
    22.2920      1.649   41.24242  -72.06538    253.464     8.1107      8.082    17.8106    31.0463          7      2.411  0.000e+00
    22.2909      1.649   41.24242  -72.06538    253.464     8.1108      8.082    17.8103    31.0449          7      2.411  0.000e+00
    22.2907      1.598   41.24242  -72.06538    253.602     8.1152      8.086    17.8098    31.0444          7      2.336  0.000e+00
    22.2906      1.649   41.24242  -72.06538    253.609     8.1154      8.082    17.8101    31.0443          7      2.411  0.000e+00
    22.2904      1.598   41.24242  -72.06538    253.614     8.1155      8.082    17.8099    31.0441          7      2.336  0.000e+00
    22.2907      1.649   41.24242  -72.06538    253.632     8.1161      8.082    17.8099    31.0444          7      2.411  0.000e+00
    22.2919      1.598   41.24242  -72.06538    253.501     8.1119      8.082    17.8103    31.0461          7      2.336  0.000e+00
    22.2933      1.649   41.24242  -72.06538    253.486     8.1114      8.082    17.8110    31.0482          7      2.411  0.000e+00
    22.2948      1.598   41.24242  -72.06538    253.595     8.1149      8.082    17.8116    31.0502          7      2.336  0.000e+00
    22.2949      1.598   41.24242  -72.06538    253.591     8.1148      8.082    17.8120    31.0506          7      2.336  0.000e+00
    22.2939      1.598   41.24242  -72.06538    253.594     8.1149      8.082    17.8115    31.0491          7      2.336  0.000e+00
    22.2920      1.598   41.24242  -72.06538    253.609     8.1154      8.082    17.8111    31.0465          7      2.336  0.000e+00
    22.2911      1.598   41.24242  -72.06536    253.749     8.1198      8.082    17.8106    31.0452          7      2.336  0.000e+00
    22.2911      1.598   41.24242  -72.06536    253.768     8.1205      8.082    17.8105    31.0451          7      2.336  0.000e+00
    22.2906      1.598   41.24242  -72.06536    253.787     8.1211      8.082    17.8103    31.0445          7      2.336  0.000e+00
    22.2910      1.598   41.24242  -72.06536    253.789     8.1211      8.077    17.8103    31.0450          7      2.336  0.000e+00
    22.2916      1.553   41.24242  -72.06536    253.797     8.1214      8.082    17.8108    31.0459          7      2.270  0.000e+00
    22.2921      1.598   41.24242  -72.06536    253.681     8.1177      8.086    17.8110    31.0466          7      2.336  0.000e+00
    22.2918      1.553   41.24242  -72.06536    253.806     8.1217      8.077    17.8111    31.0462          7      2.270  0.000e+00
    22.2914      1.598   41.24242  -72.06536    253.830     8.1225      8.077    17.8110    31.0457          7      2.336  0.000e+00
    22.2920      1.553   41.24242  -72.06536    253.837     8.1227      8.082    17.8109    31.0464          7      2.270  0.000e+00
    22.2928      1.598   41.24242  -72.06536    253.841     8.1228      8.082    17.8113    31.0476          7      2.336  0.000e+00
    22.2936      1.553   41.24242  -72.06536    253.853     8.1232      8.077    17.8118    31.0488          7      2.270  0.000e+00
    22.2938      1.553   41.24242  -72.06536    253.981     8.1273      8.082    17.8124    31.0492          7      2.270  0.000e+00
    22.2925      1.598   41.24242  -72.06536    253.999     8.1279      8.082    17.8124    31.0476          7      2.336  0.000e+00
    22.2924      1.553   41.24242  -72.06536    254.013     8.1283      8.082    17.8120    31.0473          7      2.270  0.000e+00
    22.2919      1.553   41.24242  -72.06536    254.036     8.1290      8.077    17.8120    31.0467          7      2.270  0.000e+00
    22.2918      1.598   41.24242  -72.06536    254.060     8.1298      8.082    17.8118    31.0465          7      2.336  0.000e+00
    22.2926      1.553   41.24242  -72.06536    254.066     8.1300      8.082    17.8117    31.0475          7      2.270  0.000e+00
    22.2938      1.553   41.24242  -72.06536    253.938     8.1259      8.082    17.8122    31.0492          7      2.270  0.000e+00
    22.2952      1.598   41.24242  -72.06536    253.928     8.1256      8.082    17.8124    31.0510          7      2.336  0.000e+00
    22.2959      1.553   41.24242  -72.06536    253.914     8.1251      8.077    17.8127    31.0521          7      2.270  0.000e+00
    22.2963      1.553   41.24242  -72.06536    253.902     8.1247      8.086    17.8128    31.0526          7      2.270  0.000e+00
    22.2957      1.598   41.24242  -72.06536    253.891     8.1244      8.082    17.8129    31.0519          7      2.336  0.000e+00
    22.2952      1.553   41.24242  -72.06536    253.877     8.1239      8.082    17.8129    31.0512          7      2.270  0.000e+00
    22.2959      1.553   41.24242  -72.06536    253.862     8.1235      8.077    17.8125    31.0520          7      2.270  0.000e+00
    22.2961      1.553   41.24242  -72.06536    253.844     8.1229      8.082    17.8127    31.0523          7      2.270  0.000e+00
    22.2957      1.598   41.24242  -72.06536    253.841     8.1228      8.082    17.8126    31.0518          7      2.336  0.000e+00
    22.2946      1.553   41.24242  -72.06536    253.835     8.1226      8.082    17.8125    31.0503          7      2.270  0.000e+00
    22.2945      1.598   41.24242  -72.06536    253.703     8.1184      8.077    17.8124    31.0502          7      2.336  0.000e+00
    22.2935      1.553   41.24242  -72.06536    253.683     8.1177      8.082    17.8124    31.0489          7      2.270  0.000e+00
