cruise2/ctd/proc/twov0.cnv
* Sea-Bird SBE 9 Data File:
* FileName = C:\Users\Tech\Documents\DataFiles\SBE 9\two.hex
* Software Version Seasave V 7.26.7.107
* Temperature SN = 2735
* Conductivity SN = 2257
* Number of Bytes Per Scan = 44
* Number of Voltage Words = 4
* Number of Scans Averaged by the Deck Unit = 1
* NMEA Latitude = 41 14.03 N
* NMEA Longitude = 072 16.08 W
* NMEA UTC (Time) = Oct 13 2022  00:40:38
* NMEA baud rate = 4800
# nquan = 12
# nvalues = 20748                                 
# units = specified
# name 0 = sigma-t00: Density [sigma-t, kg/m^3 ]
# name 1 = depSM: Depth [salt water, m]
# name 2 = latitude: Latitude [deg]
# name 3 = longitude: Longitude [deg]
# name 4 = sbeox0Mm/L: Oxygen, SBE 43 [umol/l]
# name 5 = sbeox0Mg/L: Oxygen, SBE 43 [mg/l]
# name 6 = ph: pH
# name 7 = t090C: Temperature [ITS-90, deg C]
# name 8 = sal00: Salinity, Practical [PSU]
# name 9 = nbf: Bottles Fired
# name 10 = prDE: Pressure, Digiquartz [psi]
# name 11 = flag:  0.000e+00
# span 0 =    21.7406,    22.2119                 
# span 1 =      1.110,     31.281                 
# span 2 =   41.23384,   41.23536                 
# span 3 =  -72.27354,  -72.26808                 
# span 4 =    231.274,    246.797                 
# span 5 =     7.4007,     7.8974                 
# span 6 =      8.018,      8.068                 
# span 7 =    17.6686,    17.8547                 
# span 8 =    30.2853,    30.9449                 
# span 9 =          0,         11                 
# span 10 =      1.623,     45.728                
# span 11 = 0.0000e+00, 0.0000e+00                
# interval = seconds: 0.0416667
# start_time = Oct 13 2022 00:40:40 [System UTC, header]
# bad_flag = -9.990e-29
*END*
[from data line 13113]
    22.1318     20.707   41.23482  -72.27118    235.859     7.5474      8.036    17.8417    30.8466          3     30.270  0.000e+00
    22.1314     20.707   41.23482  -72.27118    235.968     7.5509      8.036    17.8420    30.8461          3     30.270  0.000e+00
    22.1316     20.662   41.23482  -72.27118    235.972     7.5510      8.036    17.8419    30.8463          3     30.204  0.000e+00
    22.1320     20.707   41.23482  -72.27118    235.978     7.5512      8.036    17.8417    30.8468          3     30.270  0.000e+00
    22.1317     20.707   41.23482  -72.27118    236.109     7.5554      8.036    17.8418    30.8465          3     30.270  0.000e+00
    22.1319     20.707   41.23482  -72.27118    236.125     7.5559      8.036    17.8416    30.8467          3     30.270  0.000e+00
    22.1316     20.707   41.23482  -72.27118    236.150     7.5567      8.036    17.8419    30.8464          3     30.270  0.000e+00
    22.1316     20.707   41.23482  -72.27118    236.306     7.5617      8.041    17.8416    30.8463          3     30.270  0.000e+00
    22.1317     20.707   41.23482  -72.27118    236.214     7.5588      8.036    17.8417    30.8464          3     30.270  0.000e+00
    22.1318     20.707   41.23482  -72.27118    236.238     7.5595      8.036    17.8417    30.8466          3     30.270  0.000e+00
    22.1321     20.707   41.23482  -72.27118    236.249     7.5599      8.036    17.8417    30.8470          3     30.270  0.000e+00
    22.1324     20.720   41.23482  -72.27118    236.260     7.5602      8.036    17.8417    30.8473          3     30.288  0.000e+00
    22.1322     20.707   41.23482  -72.27118    236.396     7.5646      8.036    17.8417    30.8471          3     30.270  0.000e+00
    22.1323     20.752   41.23482  -72.27118    236.430     7.5656      8.036    17.8417    30.8472          3     30.335  0.000e+00
    22.1324     20.707   41.23482  -72.27118    236.587     7.5707      8.036    17.8417    30.8473          3     30.270  0.000e+00
    22.1327     20.752   41.23482  -72.27118    236.629     7.5720      8.036    17.8418    30.8478          3     30.335  0.000e+00
    22.1330     20.707   41.23482  -72.27118    236.668     7.5733      8.036    17.8417    30.8481          3     30.270  0.000e+00
    22.1334     20.752   41.23482  -72.27118    236.592     7.5708      8.036    17.8417    30.8486          3     30.335  0.000e+00
    22.1336     20.707   41.23482  -72.27118    236.617     7.5716      8.036    17.8417    30.8490          3     30.270  0.000e+00
    22.1337     20.752   41.23482  -72.27118    236.632     7.5721      8.041    17.8417    30.8489          3     30.335  0.000e+00
    22.1333     20.752   41.23482  -72.27118    236.643     7.5725      8.036    17.8417    30.8485          3     30.335  0.000e+00
    22.1330     20.707   41.23482  -72.27118    236.780     7.5769      8.036    17.8417    30.8481          3     30.270  0.000e+00
    22.1328     20.752   41.23482  -72.27118    236.802     7.5776      8.041    17.8417    30.8479          3     30.335  0.000e+00
    22.1326     20.752   41.23482  -72.27118    236.946     7.5822      8.036    17.8421    30.8477          3     30.335  0.000e+00
    22.1328     20.707   41.23482  -72.27118    236.973     7.5830      8.036    17.8417    30.8478          3     30.270  0.000e+00
    22.1329     20.752   41.23482  -72.27118    237.012     7.5843      8.036    17.8417    30.8479          3     30.335  0.000e+00
    22.1328     20.752   41.23482  -72.27118    237.048     7.5854      8.045    17.8417    30.8479          3     30.335  0.000e+00
    22.1324     20.765   41.23482  -72.27118    237.068     7.5861      8.036    17.8419    30.8473          3     30.354  0.000e+00
    22.1320     20.752   41.23482  -72.27118    236.948     7.5822      8.036    17.8417    30.8468          3     30.335  0.000e+00
    22.1315     20.707   41.23482  -72.27118    237.066     7.5860      8.036    17.8418    30.8462          3     30.270  0.000e+00
    22.1314     20.752   41.23482  -72.27118    237.070     7.5861      8.036    17.8416    30.8460          3     30.335  0.000e+00
    22.1309     20.752   41.23482  -72.27118    237.067     7.5860      8.041    17.8417    30.8454          3     30.335  0.000e+00
    22.1312     20.752   41.23482  -72.27118    236.933     7.5818      8.036    17.8417    30.8458          3     30.335  0.000e+00
    22.1316     20.752   41.23482  -72.27118    237.052     7.5856      8.032    17.8418    30.8463          3     30.335  0.000e+00
    22.1320     20.752   41.23482  -72.27118    237.054     7.5856      8.041    17.8417    30.8468          3     30.335  0.000e+00
    22.1320     20.752   41.23482  -72.27118    237.054     7.5856      8.036    17.8417    30.8468          3     30.335  0.000e+00
    22.1318     20.752   41.23482  -72.27118    237.052     7.5856      8.041    17.8416    30.8466          3     30.335  0.000e+00
    22.1313     20.707   41.23482  -72.27118    236.906     7.5809      8.036    17.8417    30.8459          3     30.270  0.000e+00
    22.1309     20.752   41.23482  -72.27118    236.760     7.5762      8.036    17.8417    30.8454          3     30.335  0.000e+00
    22.1308     20.752   41.23482  -72.27118    236.726     7.5751      8.036    17.8417    30.8452          3     30.335  0.000e+00
    22.1306     20.752   41.23482  -72.27118    236.691     7.5740      8.036    17.8418    30.8451          3     30.335  0.000e+00
    22.1310     20.752   41.23482  -72.27118    236.655     7.5729      8.036    17.8417    30.8455          3     30.335  0.000e+00
    22.1311     20.707   41.23482  -72.27118    236.629     7.5720      8.036    17.8416    30.8456          3     30.270  0.000e+00
    22.1305     20.752   41.23482  -72.27118    236.475     7.5671      8.041    17.8419    30.8449          3     30.335  0.000e+00
    22.1312     20.720   41.23482  -72.27118    236.436     7.5658      8.036    17.8417    30.8458          3     30.288  0.000e+00
    22.1317     20.752   41.23482  -72.27118    236.524     7.5687      8.036    17.8417    30.8464          3     30.335  0.000e+00
    22.1318     20.752   41.23482  -72.27118    236.241     7.5596      8.036    17.8416    30.8464          3     30.335  0.000e+00
    22.1318     20.707   41.23482  -72.27118    236.173     7.5574      8.036    17.8418    30.8466          3     30.269  0.000e+00
    22.1317     20.752   41.23482  -72.27118    236.123     7.5558      8.036    17.8417    30.8464          3     30.335  0.000e+00
    22.1319     20.707   41.23482  -72.27118    236.185     7.5578      8.041    17.8416    30.8466          3     30.269  0.000e+00
    22.1315     20.752   41.23482  -72.27118    236.143     7.5565      8.027    17.8419    30.8462          3     30.335  0.000e+00
    22.1318     20.707   41.23482  -72.27118    236.100     7.5551      8.036    17.8417    30.8465          3     30.269  0.000e+00
    22.1320     20.752   41.23482  -72.27120    236.058     7.5538      8.036    17.8417    30.8468          3     30.335  0.000e+00
    22.1322     20.707   41.23482  -72.27120    236.025     7.5527      8.041    17.8419    30.8471          3     30.269  0.000e+00
    22.1319     20.707   41.23482  -72.27120    235.995     7.5517      8.036    17.8418    30.8467          3     30.269  0.000e+00
    22.1319     20.752   41.23482  -72.27120    236.094     7.5549      8.036    17.8416    30.8466          3     30.335  0.000e+00
    22.1316     20.707   41.23482  -72.27120    235.958     7.5505      8.036    17.8417    30.8463          3     30.269  0.000e+00
    22.1317     20.707   41.23482  -72.27120    235.928     7.5496      8.036    17.8416    30.8463          3     30.269  0.000e+00
    22.1316     20.752   41.23482  -72.27120    235.898     7.5486      8.036    17.8417    30.8463          3     30.335  0.000e+00
    22.1315     20.707   41.23482  -72.27120    235.866     7.5476      8.036    17.8417    30.8462          3     30.269  0.000e+00
    22.1314     20.707   41.23482  -72.27120    235.836     7.5466      8.041    17.8416    30.8460          3     30.269  0.000e+00
    22.1311     20.720   41.23482  -72.27120    235.817     7.5460      8.036    17.8419    30.8457          3     30.288  0.000e+00
    22.1313     20.707   41.23482  -72.27120    235.926     7.5495      8.036    17.8418    30.8459          3     30.269  0.000e+00
    22.1313     20.707   41.23482  -72.27120    235.933     7.5498      8.041    17.8417    30.8459          3     30.269  0.000e+00
    22.1313     20.707   41.23482  -72.27120    235.941     7.5500      8.041    17.8416    30.8459          3     30.269  0.000e+00
    22.1308     20.707   41.23482  -72.27120    235.949     7.5503      8.036    17.8417    30.8452          3     30.269  0.000e+00
    22.1309     20.707   41.23482  -72.27120    235.816     7.5460      8.041    17.8417    30.8453          3     30.269  0.000e+00
    22.1310     20.707   41.23482  -72.27120    235.928     7.5496      8.036    17.8417    30.8456          3     30.269  0.000e+00
    22.1309     20.707   41.23482  -72.27120    235.796     7.5454      8.036    17.8417    30.8454          3     30.269  0.000e+00
    22.1307     20.707   41.23482  -72.27120    235.908     7.5490      8.036    17.8418    30.8452          3     30.269  0.000e+00
    22.1307     20.707   41.23482  -72.27120    235.918     7.5493      8.036    17.8417    30.8451          3     30.269  0.000e+00
    22.1310     20.707   41.23482  -72.27120    235.927     7.5496      8.036    17.8417    30.8455          3     30.269  0.000e+00
    22.1309     20.707   41.23482  -72.27120    236.077     7.5543      8.036    17.8418    30.8454          3     30.269  0.000e+00
    22.1308     20.707   41.23482  -72.27120    236.112     7.5555      8.036    17.8417    30.8453          3     30.269  0.000e+00
    22.1312     20.707   41.23482  -72.27120    236.147     7.5566      8.041    17.8416    30.8457          3     30.269  0.000e+00
    22.1313     20.707   41.23482  -72.27120    236.182     7.5577      8.036    17.8417    30.8458          3     30.269  0.000e+00
    22.1315     20.707   41.23482  -72.27120    236.090     7.5548      8.036    17.8418    30.8461          3     30.269  0.000e+00
    22.1319     20.719   41.23482  -72.27120    236.104     7.5552      8.036    17.8416    30.8466          3     30.288  0.000e+00
    22.1316     20.707   41.23482  -72.27120    236.257     7.5601      8.036    17.8417    30.8463          3     30.269  0.000e+00
    22.1320     20.707   41.23482  -72.27120    236.294     7.5613      8.045    17.8417    30.8468          3     30.269  0.000e+00
    22.1325     20.707   41.23482  -72.27120    236.332     7.5625      8.036    17.8418    30.8475          3     30.269  0.000e+00
    22.1326     20.707   41.23482  -72.27120    236.358     7.5633      8.036    17.8419    30.8476          3     30.269  0.000e+00
    22.1329     20.707   41.23482  -72.27120    236.397     7.5646      8.041    17.8417    30.8480          3     30.269  0.000e+00
    22.1325     20.707   41.23482  -72.27120    236.438     7.5659      8.041    17.8418    30.8475          3     30.269  0.000e+00
    22.1330     20.707   41.23482  -72.27120    236.477     7.5672      8.036    17.8417    30.8481          3     30.269  0.000e+00
    22.1331     20.707   41.23482  -72.27120    236.518     7.5685      8.036    17.8417    30.8483          3     30.269  0.000e+00
    22.1337     20.707   41.23482  -72.27120    236.418     7.5653      8.036    17.8417    30.8490          3     30.269  0.000e+00
    22.1341     20.752   41.23482  -72.27120    236.422     7.5654      8.041    17.8420    30.8496          3     30.335  0.000e+00
    22.1341     20.707   41.23482  -72.27120    236.427     7.5656      8.036    17.8417    30.8496          3     30.269  0.000e+00
    22.1345     20.707   41.23482  -72.27120    236.432     7.5657      8.036    17.8416    30.8500          3     30.269  0.000e+00
    22.1340     20.707   41.23482  -72.27120    236.436     7.5659      8.036    17.8420    30.8494          3     30.269  0.000e+00
    22.1344     20.707   41.23482  -72.27120    236.569     7.5701      8.036    17.8417    30.8500          3     30.269  0.000e+00
    22.1345     20.752   41.23482  -72.27120    236.447     7.5662      8.036    17.8417    30.8501          3     30.335  0.000e+00
    22.1346     20.707   41.23482  -72.27120    236.563     7.5699      8.041    17.8419    30.8503          3     30.269  0.000e+00
    22.1347     20.719   41.23482  -72.27120    236.451     7.5663      8.036    17.8418    30.8504          3     30.288  0.000e+00
    22.1343     20.707   41.23482  -72.27120    236.556     7.5697      8.036    17.8421    30.8500          3     30.269  0.000e+00
    22.1347     20.751   41.23482  -72.27120    236.419     7.5653      8.036    17.8417    30.8503          3     30.335  0.000e+00
    22.1346     20.707   41.23482  -72.27120    236.520     7.5685      8.036    17.8420    30.8503          3     30.269  0.000e+00
    22.1349     20.707   41.23482  -72.27120    236.519     7.5685      8.036    17.8417    30.8507          3     30.269  0.000e+00
    22.1349     20.751   41.23482  -72.27120    236.517     7.5685      8.036    17.8419    30.8506          3     30.335  0.000e+00
    22.1350     20.707   41.23482  -72.27120    236.513     7.5683      8.036    17.8417    30.8507          3     30.269  0.000e+00
    22.1352     20.707   41.23482  -72.27120    236.635     7.5722      8.036    17.8420    30.8511          3     30.269  0.000e+00
    22.1351     20.751   41.23482  -72.27120    236.644     7.5725      8.036    17.8417    30.8509          3     30.335  0.000e+00
    22.1349     20.707   41.23482  -72.27120    236.519     7.5685      8.036    17.8419    30.8506          3     30.269  0.000e+00
    22.1347     20.751   41.23482  -72.27120    236.523     7.5686      8.036    17.8421    30.8504          3     30.335  0.000e+00
    22.1350     20.707   41.23482  -72.27120    236.514     7.5683      8.036    17.8418    30.8507          3     30.269  0.000e+00
    22.1350     20.707   41.23482  -72.27120    236.503     7.5680      8.036    17.8419    30.8508          3     30.269  0.000e+00
    22.1351     20.751   41.23482  -72.27120    236.494     7.5677      8.036    17.8419    30.8509          3     30.335  0.000e+00
    22.1356     20.707   41.23482  -72.27120    236.353     7.5632      8.036    17.8417    30.8515          3     30.269  0.000e+00
    22.1354     20.707   41.23482  -72.27120    236.455     7.5664      8.036    17.8421    30.8514          3     30.269  0.000e+00
    22.1353     20.719   41.23482  -72.27120    236.443     7.5661      8.041    17.8419    30.8512          3     30.288  0.000e+00
    22.1353     20.706   41.23482  -72.27120    236.441     7.5660      8.036    17.8417    30.8511          3     30.269  0.000e+00
    22.1352     20.751   41.23482  -72.27120    236.439     7.5659      8.036    17.8420    30.8511          3     30.335  0.000e+00
    22.1353     20.706   41.23482  -72.27120    236.308     7.5618      8.036    17.8417    30.8511          3     30.269  0.000e+00
    22.1351     20.706   41.23482  -72.27120    236.293     7.5613      8.036    17.8417    30.8509          3     30.269  0.000e+00
    22.1348     20.706   41.23482  -72.27120    236.138     7.5563      8.032    17.8420    30.8505          3     30.269  0.000e+00
    22.1351     20.706   41.23482  -72.27120    236.238     7.5595      8.036    17.8419    30.8509          3     30.269  0.000e+00
    22.1348     20.706   41.23482  -72.27120    236.212     7.5587      8.036    17.8419    30.8505          3     30.269  0.000e+00
    22.1348     20.706   41.23482  -72.27120    236.196     7.5582      8.027    17.8419    30.8506          3     30.269  0.000e+00
    22.1347     20.706   41.23482  -72.27120    236.181     7.5577      8.036    17.8418    30.8504          3     30.269  0.000e+00
