cruise2/ctd/proc/twov0.cnv
* Sea-Bird SBE 9 Data File:
* FileName = C:\Users\Tech\Documents\DataFiles\SBE 9\two.hex
* Software Version Seasave V 7.26.7.107
* Temperature SN = 2735
* Conductivity SN = 2257
* Number of Bytes Per Scan = 44
* Number of Voltage Words = 4
* Number of Scans Averaged by the Deck Unit = 1
* NMEA Latitude = 41 14.03 N
* NMEA Longitude = 072 16.08 W
* NMEA UTC (Time) = Oct 13 2022  00:40:38
* NMEA baud rate = 4800
# nquan = 12
# nvalues = 20748                                 
# units = specified
# name 0 = sigma-t00: Density [sigma-t, kg/m^3 ]
# name 1 = depSM: Depth [salt water, m]
# name 2 = latitude: Latitude [deg]
# name 3 = longitude: Longitude [deg]
# name 4 = sbeox0Mm/L: Oxygen, SBE 43 [umol/l]
# name 5 = sbeox0Mg/L: Oxygen, SBE 43 [mg/l]
# name 6 = ph: pH
# name 7 = t090C: Temperature [ITS-90, deg C]
# name 8 = sal00: Salinity, Practical [PSU]
# name 9 = nbf: Bottles Fired
# name 10 = prDE: Pressure, Digiquartz [psi]
# name 11 = flag:  0.000e+00
# span 0 =    21.7406,    22.2119                 
# span 1 =      1.110,     31.281                 
# span 2 =   41.23384,   41.23536                 
# span 3 =  -72.27354,  -72.26808                 
# span 4 =    231.274,    246.797                 
# span 5 =     7.4007,     7.8974                 
# span 6 =      8.018,      8.068                 
# span 7 =    17.6686,    17.8547                 
# span 8 =    30.2853,    30.9449                 
# span 9 =          0,         11                 
# span 10 =      1.623,     45.728                
# span 11 = 0.0000e+00, 0.0000e+00                
# interval = seconds: 0.0416667
# start_time = Oct 13 2022 00:40:40 [System UTC, header]
# bad_flag = -9.990e-29
*END*
[from data line 16602]
    21.8217      8.028   41.23504  -72.27220    241.696     7.7342      8.045    17.8048    30.4295          6     11.735  0.000e+00
    21.8218      8.021   41.23504  -72.27220    241.713     7.7347      8.045    17.8048    30.4296          6     11.725  0.000e+00
    21.8216      8.066   41.23504  -72.27220    241.731     7.7353      8.045    17.8048    30.4294          6     11.791  0.000e+00
    21.8207      7.976   41.23504  -72.27220    241.744     7.7357      8.045    17.8048    30.4281          6     11.660  0.000e+00
    21.8199      8.066   41.23504  -72.27220    241.760     7.7362      8.045    17.8048    30.4271          6     11.791  0.000e+00
    21.8192      8.028   41.23504  -72.27220    241.898     7.7406      8.045    17.8048    30.4263          6     11.735  0.000e+00
    21.8186      8.066   41.23504  -72.27220    241.791     7.7372      8.045    17.8048    30.4255          6     11.791  0.000e+00
    21.8200      8.021   41.23504  -72.27220    241.781     7.7369      8.032    17.8048    30.4272          6     11.725  0.000e+00
    21.8208      8.028   41.23504  -72.27220    241.769     7.7365      8.045    17.8049    30.4283          6     11.735  0.000e+00
    21.8209      8.066   41.23504  -72.27220    241.772     7.7366      8.045    17.8048    30.4285          6     11.791  0.000e+00
    21.8209      8.021   41.23504  -72.27220    241.898     7.7406      8.045    17.8046    30.4283          6     11.725  0.000e+00
    21.8209      8.028   41.23504  -72.27220    241.768     7.7365      8.045    17.8042    30.4282          6     11.735  0.000e+00
    21.8205      8.066   41.23504  -72.27220    241.761     7.7362      8.045    17.8046    30.4279          6     11.791  0.000e+00
    21.8204      8.028   41.23504  -72.27220    241.753     7.7360      8.045    17.8043    30.4277          6     11.735  0.000e+00
    21.8198      8.066   41.23504  -72.27220    241.616     7.7316      8.045    17.8046    30.4269          6     11.791  0.000e+00
    21.8200      8.021   41.23504  -72.27220    241.579     7.7304      8.045    17.8044    30.4271          6     11.725  0.000e+00
    21.8207      8.073   41.23504  -72.27220    241.539     7.7292      8.045    17.8046    30.4281          6     11.800  0.000e+00
    21.8219      8.021   41.23504  -72.27220    241.636     7.7322      8.045    17.8046    30.4297          6     11.725  0.000e+00
    21.8215      8.028   41.23504  -72.27222    241.631     7.7321      8.045    17.8046    30.4292          6     11.735  0.000e+00
    21.8207      8.066   41.23504  -72.27222    241.614     7.7316      8.045    17.8046    30.4281          6     11.791  0.000e+00
    21.8201      8.066   41.23504  -72.27222    241.606     7.7313      8.045    17.8047    30.4274          6     11.791  0.000e+00
    21.8203      8.028   41.23504  -72.27222    241.468     7.7269      8.045    17.8044    30.4275          6     11.735  0.000e+00
    21.8201      8.066   41.23504  -72.27222    241.458     7.7266      8.045    17.8044    30.4273          6     11.791  0.000e+00
    21.8201      8.021   41.23504  -72.27222    241.435     7.7258      8.045    17.8040    30.4272          6     11.725  0.000e+00
    21.8194      8.073   41.23504  -72.27222    241.286     7.7210      8.045    17.8039    30.4261          6     11.800  0.000e+00
    21.8188      8.021   41.23504  -72.27222    241.248     7.7198      8.045    17.8039    30.4253          6     11.725  0.000e+00
    21.8182      8.073   41.23504  -72.27222    241.212     7.7187      8.045    17.8040    30.4246          6     11.800  0.000e+00
    21.8189      8.021   41.23504  -72.27222    241.184     7.7178      8.045    17.8040    30.4256          6     11.725  0.000e+00
    21.8211      8.021   41.23504  -72.27222    241.153     7.7168      8.055    17.8040    30.4284          6     11.725  0.000e+00
    21.8279      8.073   41.23504  -72.27222    241.108     7.7154      8.045    17.8054    30.4378          6     11.800  0.000e+00
    21.8343      8.066   41.23504  -72.27222    240.940     7.7100      8.045    17.8080    30.4470          6     11.791  0.000e+00
    21.8367      8.021   41.23504  -72.27222    241.011     7.7122      8.045    17.8084    30.4502          6     11.725  0.000e+00
    21.8360      8.028   41.23504  -72.27222    240.988     7.7115      8.045    17.8082    30.4492          6     11.735  0.000e+00
    21.8366      8.066   41.23504  -72.27222    240.951     7.7103      8.045    17.8082    30.4500          6     11.791  0.000e+00
    21.8383      8.028   41.23504  -72.27222    240.915     7.7092      8.045    17.8091    30.4526          6     11.735  0.000e+00
    21.8393      8.021   41.23504  -72.27222    240.882     7.7081      8.045    17.8101    30.4541          6     11.725  0.000e+00
    21.8405      8.021   41.23504  -72.27222    240.980     7.7113      8.045    17.8103    30.4558          6     11.725  0.000e+00
    21.8406      8.028   41.23504  -72.27222    240.835     7.7066      8.045    17.8108    30.4560          6     11.735  0.000e+00
    21.8397      8.021   41.23504  -72.27222    240.813     7.7059      8.045    17.8103    30.4547          6     11.725  0.000e+00
    21.8407      8.073   41.23504  -72.27222    240.786     7.7050      8.045    17.8105    30.4560          6     11.800  0.000e+00
    21.8437      8.021   41.23504  -72.27222    240.750     7.7039      8.045    17.8109    30.4601          6     11.725  0.000e+00
    21.8457      8.021   41.23504  -72.27222    240.846     7.7070      8.045    17.8111    30.4628          6     11.725  0.000e+00
    21.8458      8.028   41.23504  -72.27222    240.827     7.7064      8.045    17.8118    30.4633          6     11.735  0.000e+00
    21.8458      8.021   41.23504  -72.27222    240.824     7.7063      8.045    17.8118    30.4631          6     11.725  0.000e+00
    21.8457      8.021   41.23504  -72.27222    240.693     7.7021      8.045    17.8118    30.4631          6     11.725  0.000e+00
    21.8463      8.028   41.23504  -72.27222    240.692     7.7020      8.045    17.8117    30.4637          6     11.735  0.000e+00
    21.8430      8.021   41.23504  -72.27222    240.702     7.7024      8.041    17.8107    30.4592          6     11.725  0.000e+00
    21.8379      8.028   41.23504  -72.27222    240.713     7.7027      8.045    17.8082    30.4518          6     11.735  0.000e+00
    21.8381      8.066   41.23504  -72.27222    240.712     7.7027      8.045    17.8086    30.4521          6     11.791  0.000e+00
    21.8414      7.970   41.23504  -72.27222    240.698     7.7022      8.045    17.8098    30.4568          6     11.650  0.000e+00
    21.8432      8.073   41.23504  -72.27222    240.697     7.7022      8.045    17.8103    30.4593          6     11.800  0.000e+00
    21.8447      8.021   41.23504  -72.27222    240.695     7.7021      8.045    17.8106    30.4613          6     11.725  0.000e+00
    21.8450      8.021   41.23504  -72.27222    240.823     7.7062      8.045    17.8112    30.4619          6     11.725  0.000e+00
    21.8449      8.028   41.23504  -72.27222    240.712     7.7027      8.045    17.8113    30.4618          6     11.735  0.000e+00
    21.8453      8.066   41.23504  -72.27222    240.730     7.7032      8.045    17.8115    30.4625          6     11.791  0.000e+00
    21.8458      8.028   41.23504  -72.27222    240.733     7.7034      8.041    17.8118    30.4632          6     11.735  0.000e+00
    21.8446      8.021   41.23504  -72.27222    240.744     7.7037      8.045    17.8118    30.4616          6     11.725  0.000e+00
    21.8394      8.066   41.23504  -72.27222    240.772     7.7046      8.045    17.8105    30.4544          6     11.791  0.000e+00
    21.8355      8.028   41.23504  -72.27222    240.796     7.7054      8.045    17.8091    30.4488          6     11.735  0.000e+00
    21.8343      8.066   41.23504  -72.27222    240.828     7.7064      8.045    17.8084    30.4470          6     11.791  0.000e+00
    21.8353      8.028   41.23504  -72.27222    240.837     7.7067      8.045    17.8084    30.4484          6     11.735  0.000e+00
    21.8394      8.066   41.23504  -72.27222    240.709     7.7026      8.045    17.8098    30.4542          6     11.791  0.000e+00
    21.8429      8.021   41.23504  -72.27222    240.700     7.7023      8.045    17.8106    30.4590          6     11.725  0.000e+00
    21.8443      8.073   41.23504  -72.27222    240.689     7.7020      8.045    17.8110    30.4609          6     11.800  0.000e+00
    21.8430      8.066   41.23504  -72.27222    240.684     7.7018      8.045    17.8112    30.4593          6     11.791  0.000e+00
    21.8394      8.066   41.23504  -72.27222    240.691     7.7020      8.045    17.8101    30.4543          6     11.791  0.000e+00
    21.8385      8.028   41.23506  -72.27224    240.830     7.7064      8.045    17.8098    30.4530          6     11.735  0.000e+00
    21.8396      8.066   41.23506  -72.27224    240.719     7.7029      8.045    17.8103    30.4546          6     11.791  0.000e+00
    21.8395      8.073   41.23506  -72.27224    240.731     7.7033      8.045    17.8101    30.4544          6     11.800  0.000e+00
    21.8384      8.066   41.23506  -72.27224    240.618     7.6997      8.045    17.8099    30.4529          6     11.791  0.000e+00
    21.8412      8.066   41.23506  -72.27224    240.602     7.6992      8.045    17.8099    30.4566          6     11.791  0.000e+00
    21.8446      8.073   41.23506  -72.27224    240.582     7.6985      8.045    17.8109    30.4613          6     11.800  0.000e+00
    21.8447      8.066   41.23506  -72.27224    240.572     7.6982      8.045    17.8111    30.4615          6     11.791  0.000e+00
    21.8428      8.066   41.23506  -72.27224    240.686     7.7018      8.045    17.8110    30.4590          6     11.791  0.000e+00
    21.8432      8.073   41.23506  -72.27224    240.552     7.6975      8.045    17.8110    30.4595          6     11.800  0.000e+00
    21.8454      8.066   41.23506  -72.27224    240.529     7.6968      8.045    17.8113    30.4625          6     11.791  0.000e+00
    21.8463      8.117   41.23506  -72.27224    240.513     7.6963      8.045    17.8113    30.4637          6     11.866  0.000e+00
    21.8452      8.066   41.23506  -72.27224    240.500     7.6959      8.045    17.8110    30.4622          6     11.791  0.000e+00
    21.8442      8.066   41.23506  -72.27224    240.491     7.6956      8.045    17.8105    30.4606          6     11.791  0.000e+00
    21.8439      8.073   41.23506  -72.27224    240.467     7.6948      8.045    17.8103    30.4602          6     11.800  0.000e+00
    21.8477      8.066   41.23506  -72.27224    240.447     7.6942      8.041    17.8103    30.4652          6     11.791  0.000e+00
    21.8512      8.073   41.23506  -72.27224    240.429     7.6936      8.045    17.8103    30.4698          6     11.800  0.000e+00
    21.8515      8.111   41.23506  -72.27224    240.549     7.6974      8.045    17.8101    30.4701          6     11.856  0.000e+00
    21.8486      8.066   41.23506  -72.27224    240.424     7.6935      8.045    17.8105    30.4665          6     11.791  0.000e+00
    21.8443      8.073   41.23506  -72.27224    240.426     7.6935      8.045    17.8101    30.4607          6     11.800  0.000e+00
    21.8408      8.066   41.23506  -72.27224    240.437     7.6939      8.045    17.8101    30.4561          6     11.791  0.000e+00
    21.8406      8.111   41.23506  -72.27224    240.431     7.6937      8.045    17.8103    30.4559          6     11.856  0.000e+00
    21.8427      8.073   41.23506  -72.27224    240.420     7.6933      8.045    17.8105    30.4587          6     11.800  0.000e+00
    21.8424      8.066   41.23506  -72.27224    240.415     7.6932      8.045    17.8106    30.4584          6     11.791  0.000e+00
    21.8405      8.073   41.23506  -72.27224    240.419     7.6933      8.045    17.8098    30.4557          6     11.800  0.000e+00
    21.8376      8.066   41.23506  -72.27224    240.437     7.6939      8.045    17.8094    30.4518          6     11.791  0.000e+00
    21.8358      8.066   41.23506  -72.27224    240.454     7.6944      8.045    17.8090    30.4493          6     11.791  0.000e+00
    21.8355      8.073   41.23506  -72.27224    240.598     7.6990      8.045    17.8086    30.4486          6     11.800  0.000e+00
    21.8357      8.066   41.23506  -72.27224    240.482     7.6953      8.045    17.8087    30.4490          6     11.791  0.000e+00
    21.8356      8.066   41.23506  -72.27224    240.485     7.6954      8.045    17.8087    30.4489          6     11.791  0.000e+00
    21.8347      8.073   41.23506  -72.27224    240.491     7.6956      8.045    17.8086    30.4477          6     11.800  0.000e+00
    21.8344      8.066   41.23506  -72.27224    240.627     7.7000      8.055    17.8080    30.4471          6     11.791  0.000e+00
    21.8378      8.028   41.23506  -72.27224    240.505     7.6961      8.045    17.8086    30.4517          6     11.735  0.000e+00
    21.8433      8.066   41.23506  -72.27224    240.624     7.6999      8.045    17.8096    30.4593          6     11.791  0.000e+00
    21.8495      8.066   41.23506  -72.27224    240.501     7.6959      8.045    17.8099    30.4675          6     11.791  0.000e+00
    21.8539      8.073   41.23506  -72.27224    240.497     7.6958      8.045    17.8105    30.4734          6     11.800  0.000e+00
    21.8566      8.021   41.23506  -72.27224    240.513     7.6963      8.045    17.8103    30.4768          6     11.725  0.000e+00
    21.8578      8.073   41.23506  -72.27224    240.394     7.6925      8.045    17.8103    30.4784          6     11.800  0.000e+00
    21.8580      8.066   41.23506  -72.27224    240.391     7.6924      8.045    17.8106    30.4788          6     11.791  0.000e+00
    21.8581      8.021   41.23506  -72.27224    240.518     7.6965      8.045    17.8106    30.4789          6     11.725  0.000e+00
    21.8578      8.072   41.23506  -72.27224    240.536     7.6971      8.045    17.8103    30.4784          6     11.800  0.000e+00
    21.8580      8.021   41.23506  -72.27224    240.549     7.6975      8.045    17.8103    30.4787          6     11.725  0.000e+00
    21.8565      8.066   41.23506  -72.27224    240.439     7.6939      8.045    17.8108    30.4768          6     11.791  0.000e+00
    21.8550      8.028   41.23506  -72.27224    240.448     7.6942      8.045    17.8105    30.4748          6     11.734  0.000e+00
    21.8541      8.066   41.23506  -72.27224    240.327     7.6903      8.045    17.8110    30.4738          6     11.791  0.000e+00
    21.8530      8.028   41.23506  -72.27224    240.316     7.6900      8.045    17.8103    30.4722          6     11.734  0.000e+00
    21.8462      8.021   41.23506  -72.27224    240.317     7.6900      8.045    17.8099    30.4632          6     11.725  0.000e+00
    21.8350      8.066   41.23506  -72.27224    240.343     7.6909      8.045    17.8070    30.4476          6     11.791  0.000e+00
    21.8296      8.028   41.23506  -72.27224    240.352     7.6911      8.050    17.8051    30.4399          6     11.734  0.000e+00
    21.8361      8.021   41.23506  -72.27224    240.323     7.6902      8.045    17.8064    30.4488          6     11.725  0.000e+00
    21.8456      7.976   41.23506  -72.27224    240.298     7.6894      8.045    17.8082    30.4618          6     11.659  0.000e+00
    21.8506      8.111   41.23506  -72.27224    240.281     7.6889      8.045    17.8092    30.4687          6     11.856  0.000e+00
    21.8525      8.021   41.23506  -72.27224    240.267     7.6884      8.045    17.8098    30.4713          6     11.725  0.000e+00
    21.8523      8.028   41.23506  -72.27224    240.124     7.6839      8.045    17.8098    30.4711          6     11.734  0.000e+00
