cruise2/ctd/proc/twov0.cnv
* Sea-Bird SBE 9 Data File:
* FileName = C:\Users\Tech\Documents\DataFiles\SBE 9\two.hex
* Software Version Seasave V 7.26.7.107
* Temperature SN = 2735
* Conductivity SN = 2257
* Number of Bytes Per Scan = 44
* Number of Voltage Words = 4
* Number of Scans Averaged by the Deck Unit = 1
* NMEA Latitude = 41 14.03 N
* NMEA Longitude = 072 16.08 W
* NMEA UTC (Time) = Oct 13 2022  00:40:38
* NMEA baud rate = 4800
# nquan = 12
# nvalues = 20748                                 
# units = specified
# name 0 = sigma-t00: Density [sigma-t, kg/m^3 ]
# name 1 = depSM: Depth [salt water, m]
# name 2 = latitude: Latitude [deg]
# name 3 = longitude: Longitude [deg]
# name 4 = sbeox0Mm/L: Oxygen, SBE 43 [umol/l]
# name 5 = sbeox0Mg/L: Oxygen, SBE 43 [mg/l]
# name 6 = ph: pH
# name 7 = t090C: Temperature [ITS-90, deg C]
# name 8 = sal00: Salinity, Practical [PSU]
# name 9 = nbf: Bottles Fired
# name 10 = prDE: Pressure, Digiquartz [psi]
# name 11 = flag:  0.000e+00
# span 0 =    21.7406,    22.2119                 
# span 1 =      1.110,     31.281                 
# span 2 =   41.23384,   41.23536                 
# span 3 =  -72.27354,  -72.26808                 
# span 4 =    231.274,    246.797                 
# span 5 =     7.4007,     7.8974                 
# span 6 =      8.018,      8.068                 
# span 7 =    17.6686,    17.8547                 
# span 8 =    30.2853,    30.9449                 
# span 9 =          0,         11                 
# span 10 =      1.623,     45.728                
# span 11 = 0.0000e+00, 0.0000e+00                
# interval = seconds: 0.0416667
# start_time = Oct 13 2022 00:40:40 [System UTC, header]
# bad_flag = -9.990e-29
*END*
[from data line 9143]
    22.1933     31.100   41.23462  -72.27008    233.982     7.4873      8.032    17.8291    30.9231          1     45.463  0.000e+00
    22.1936     31.100   41.23462  -72.27008    233.981     7.4873      8.032    17.8289    30.9234          1     45.463  0.000e+00
    22.1933     31.125   41.23462  -72.27008    233.968     7.4869      8.032    17.8291    30.9230          1     45.501  0.000e+00
    22.1932     31.055   41.23462  -72.27008    233.964     7.4868      8.032    17.8289    30.9229          1     45.397  0.000e+00
    22.1933     31.145   41.23462  -72.27008    234.091     7.4908      8.032    17.8291    30.9230          1     45.529  0.000e+00
    22.1929     31.100   41.23462  -72.27008    233.970     7.4869      8.032    17.8291    30.9225          1     45.463  0.000e+00
    22.1932     31.100   41.23462  -72.27008    233.965     7.4868      8.032    17.8291    30.9229          1     45.463  0.000e+00
    22.1935     31.125   41.23462  -72.27008    233.846     7.4830      8.032    17.8289    30.9232          1     45.501  0.000e+00
    22.1939     31.145   41.23462  -72.27008    233.970     7.4869      8.032    17.8289    30.9238          1     45.529  0.000e+00
    22.1948     31.100   41.23462  -72.27008    233.977     7.4872      8.032    17.8284    30.9248          1     45.463  0.000e+00
    22.1953     31.100   41.23462  -72.27008    233.984     7.4874      8.032    17.8284    30.9255          1     45.463  0.000e+00
    22.1952     31.145   41.23462  -72.27008    233.996     7.4878      8.032    17.8281    30.9252          1     45.529  0.000e+00
    22.1956     31.080   41.23462  -72.27008    234.013     7.4883      8.036    17.8282    30.9257          1     45.435  0.000e+00
    22.1956     31.145   41.23462  -72.27008    234.036     7.4890      8.032    17.8283    30.9258          1     45.529  0.000e+00
    22.1959     31.100   41.23462  -72.27008    234.056     7.4897      8.032    17.8281    30.9262          1     45.463  0.000e+00
    22.1954     31.100   41.23462  -72.27008    234.078     7.4904      8.032    17.8283    30.9256          1     45.463  0.000e+00
    22.1956     31.170   41.23462  -72.27008    234.091     7.4908      8.032    17.8281    30.9258          1     45.566  0.000e+00
    22.1955     31.100   41.23462  -72.27008    234.098     7.4910      8.032    17.8282    30.9256          1     45.463  0.000e+00
    22.1957     31.100   41.23462  -72.27008    234.249     7.4959      8.032    17.8281    30.9258          1     45.463  0.000e+00
    22.1960     31.145   41.23462  -72.27008    234.144     7.4925      8.032    17.8281    30.9263          1     45.529  0.000e+00
    22.1958     31.145   41.23462  -72.27008    234.282     7.4969      8.032    17.8281    30.9260          1     45.529  0.000e+00
    22.1956     31.080   41.23462  -72.27008    234.174     7.4935      8.032    17.8280    30.9257          1     45.435  0.000e+00
    22.1951     31.145   41.23462  -72.27008    234.314     7.4979      8.032    17.8281    30.9251          1     45.529  0.000e+00
    22.1949     31.100   41.23462  -72.27008    234.333     7.4986      8.032    17.8283    30.9249          1     45.463  0.000e+00
    22.1945     31.145   41.23462  -72.27008    234.354     7.4992      8.032    17.8286    30.9244          1     45.529  0.000e+00
    22.1943     31.100   41.23462  -72.27008    234.373     7.4998      8.032    17.8286    30.9242          1     45.463  0.000e+00
    22.1940     31.125   41.23462  -72.27008    234.380     7.5001      8.032    17.8288    30.9239          1     45.501  0.000e+00
    22.1941     31.100   41.23462  -72.27008    234.398     7.5006      8.036    17.8288    30.9239          1     45.463  0.000e+00
    22.1942     31.145   41.23462  -72.27008    234.404     7.5008      8.032    17.8288    30.9241          1     45.529  0.000e+00
    22.1943     31.100   41.23462  -72.27008    234.408     7.5010      8.036    17.8286    30.9242          1     45.463  0.000e+00
    22.1942     31.145   41.23462  -72.27008    234.541     7.5052      8.036    17.8286    30.9241          1     45.529  0.000e+00
    22.1945     31.125   41.23462  -72.27008    234.543     7.5053      8.032    17.8284    30.9244          1     45.501  0.000e+00
    22.1944     31.100   41.23462  -72.27008    234.424     7.5015      8.032    17.8288    30.9243          1     45.463  0.000e+00
    22.1944     31.100   41.23462  -72.27008    234.424     7.5015      8.032    17.8286    30.9244          1     45.463  0.000e+00
    22.1944     31.145   41.23462  -72.27008    234.283     7.4970      8.032    17.8286    30.9244          1     45.529  0.000e+00
    22.1941     31.100   41.23462  -72.27008    234.394     7.5005      8.032    17.8288    30.9240          1     45.463  0.000e+00
    22.1939     31.125   41.23462  -72.27008    234.391     7.5004      8.032    17.8288    30.9237          1     45.501  0.000e+00
    22.1941     31.145   41.23462  -72.27008    234.387     7.5003      8.036    17.8288    30.9240          1     45.529  0.000e+00
    22.1941     31.100   41.23462  -72.27008    234.252     7.4959      8.032    17.8288    30.9240          1     45.463  0.000e+00
    22.1945     31.100   41.23462  -72.27008    234.233     7.4954      8.032    17.8286    30.9244          1     45.463  0.000e+00
    22.1944     31.145   41.23462  -72.27008    234.344     7.4989      8.032    17.8286    30.9243          1     45.529  0.000e+00
    22.1945     31.125   41.23462  -72.27008    234.207     7.4945      8.036    17.8286    30.9245          1     45.501  0.000e+00
    22.1942     31.100   41.23462  -72.27008    234.186     7.4939      8.032    17.8286    30.9241          1     45.463  0.000e+00
    22.1941     31.100   41.23462  -72.27008    234.164     7.4931      8.036    17.8289    30.9240          1     45.463  0.000e+00
    22.1947     31.145   41.23462  -72.27008    234.146     7.4926      8.036    17.8283    30.9246          1     45.529  0.000e+00
    22.1947     31.100   41.23462  -72.27008    233.994     7.4877      8.032    17.8284    30.9247          1     45.463  0.000e+00
    22.1951     31.125   41.23462  -72.27008    233.973     7.4870      8.036    17.8284    30.9251          1     45.501  0.000e+00
    22.1955     31.145   41.23462  -72.27008    233.953     7.4864      8.032    17.8282    30.9257          1     45.529  0.000e+00
    22.1952     31.100   41.23462  -72.27008    233.931     7.4857      8.032    17.8283    30.9253          1     45.463  0.000e+00
    22.1954     31.100   41.23462  -72.27008    233.912     7.4851      8.036    17.8281    30.9255          1     45.463  0.000e+00
    22.1952     31.145   41.23462  -72.27008    233.892     7.4844      8.032    17.8284    30.9253          1     45.529  0.000e+00
    22.1949     31.125   41.23462  -72.27008    233.873     7.4838      8.032    17.8284    30.9249          1     45.501  0.000e+00
    22.1945     31.100   41.23462  -72.27008    233.855     7.4832      8.032    17.8284    30.9244          1     45.463  0.000e+00
    22.1947     31.145   41.23462  -72.27008    233.850     7.4831      8.032    17.8284    30.9246          1     45.529  0.000e+00
    22.1946     31.100   41.23462  -72.27008    233.832     7.4825      8.032    17.8284    30.9245          1     45.463  0.000e+00
    22.1946     31.145   41.23462  -72.27008    233.945     7.4861      8.036    17.8284    30.9245          1     45.529  0.000e+00
    22.1942     31.125   41.23462  -72.27008    233.927     7.4856      8.032    17.8286    30.9240          1     45.501  0.000e+00
    22.1940     31.145   41.23462  -72.27008    233.923     7.4854      8.032    17.8286    30.9238          1     45.529  0.000e+00
    22.1940     31.100   41.23462  -72.27008    233.917     7.4852      8.032    17.8286    30.9238          1     45.463  0.000e+00
    22.1937     31.145   41.23462  -72.27008    233.913     7.4851      8.032    17.8288    30.9234          1     45.529  0.000e+00
    22.1940     31.100   41.23462  -72.27008    233.906     7.4849      8.041    17.8288    30.9238          1     45.463  0.000e+00
    22.1940     31.125   41.23462  -72.27008    233.901     7.4847      8.032    17.8288    30.9239          1     45.501  0.000e+00
    22.1938     31.145   41.23462  -72.27010    234.025     7.4887      8.032    17.8289    30.9236          1     45.529  0.000e+00
    22.1940     31.145   41.23462  -72.27010    234.032     7.4889      8.032    17.8286    30.9238          1     45.529  0.000e+00
    22.1934     31.100   41.23462  -72.27010    234.036     7.4890      8.032    17.8291    30.9232          1     45.463  0.000e+00
    22.1937     31.145   41.23462  -72.27010    234.171     7.4934      8.032    17.8288    30.9235          1     45.529  0.000e+00
    22.1934     31.125   41.23462  -72.27010    234.059     7.4898      8.032    17.8289    30.9232          1     45.501  0.000e+00
    22.1934     31.145   41.23462  -72.27010    234.204     7.4944      8.032    17.8289    30.9232          1     45.529  0.000e+00
    22.1934     31.145   41.23462  -72.27010    234.220     7.4949      8.032    17.8288    30.9230          1     45.529  0.000e+00
    22.1934     31.100   41.23462  -72.27010    234.372     7.4998      8.032    17.8291    30.9231          1     45.463  0.000e+00
    22.1938     31.145   41.23462  -72.27010    234.400     7.5007      8.036    17.8288    30.9236          1     45.529  0.000e+00
    22.1943     31.125   41.23462  -72.27010    234.179     7.4936      8.027    17.8288    30.9243          1     45.501  0.000e+00
    22.1946     31.145   41.23462  -72.27010    234.320     7.4981      8.032    17.8286    30.9246          1     45.529  0.000e+00
    22.1951     31.100   41.23462  -72.27010    234.343     7.4989      8.032    17.8284    30.9252          1     45.463  0.000e+00
    22.1949     31.145   41.23462  -72.27010    234.368     7.4997      8.032    17.8284    30.9249          1     45.529  0.000e+00
    22.1939     31.145   41.23462  -72.27010    234.391     7.5004      8.032    17.8288    30.9238          1     45.529  0.000e+00
    22.1933     31.125   41.23462  -72.27010    234.412     7.5011      8.032    17.8291    30.9230          1     45.501  0.000e+00
    22.1930     31.145   41.23462  -72.27010    234.436     7.5018      8.032    17.8291    30.9226          1     45.529  0.000e+00
    22.1928     31.145   41.23462  -72.27010    234.456     7.5025      8.032    17.8293    30.9225          1     45.529  0.000e+00
    22.1933     31.100   41.23462  -72.27010    234.616     7.5076      8.032    17.8291    30.9231          1     45.463  0.000e+00
    22.1943     31.125   41.23462  -72.27010    234.662     7.5091      8.032    17.8288    30.9242          1     45.501  0.000e+00
    22.1948     31.145   41.23462  -72.27010    234.695     7.5101      8.036    17.8284    30.9248          1     45.529  0.000e+00
    22.1951     31.100   41.23462  -72.27010    234.598     7.5070      8.032    17.8282    30.9251          1     45.463  0.000e+00
    22.1949     31.145   41.23462  -72.27010    234.732     7.5113      8.036    17.8284    30.9249          1     45.529  0.000e+00
    22.1953     31.145   41.23462  -72.27010    234.633     7.5082      8.032    17.8283    30.9254          1     45.529  0.000e+00
    22.1949     31.125   41.23462  -72.27010    234.777     7.5128      8.032    17.8284    30.9249          1     45.501  0.000e+00
    22.1947     31.145   41.23462  -72.27010    234.678     7.5096      8.036    17.8284    30.9247          1     45.529  0.000e+00
    22.1941     31.100   41.23462  -72.27010    234.807     7.5137      8.032    17.8286    30.9239          1     45.463  0.000e+00
    22.1937     31.145   41.23462  -72.27010    234.820     7.5141      8.032    17.8289    30.9235          1     45.529  0.000e+00
    22.1939     31.145   41.23462  -72.27010    234.844     7.5149      8.032    17.8288    30.9238          1     45.529  0.000e+00
    22.1940     31.080   41.23462  -72.27010    234.852     7.5152      8.036    17.8289    30.9239          1     45.435  0.000e+00
    22.1937     31.145   41.23462  -72.27010    234.992     7.5196      8.036    17.8288    30.9235          1     45.529  0.000e+00
    22.1936     31.145   41.23462  -72.27010    234.883     7.5162      8.032    17.8288    30.9233          1     45.529  0.000e+00
    22.1935     31.100   41.23462  -72.27010    234.888     7.5163      8.032    17.8288    30.9232          1     45.463  0.000e+00
    22.1932     31.145   41.23462  -72.27010    234.880     7.5161      8.032    17.8289    30.9229          1     45.529  0.000e+00
    22.1934     31.125   41.23462  -72.27010    234.997     7.5198      8.036    17.8289    30.9231          1     45.501  0.000e+00
    22.1934     31.100   41.23462  -72.27010    234.995     7.5197      8.036    17.8289    30.9231          1     45.463  0.000e+00
    22.1932     31.145   41.23462  -72.27010    234.865     7.5156      8.032    17.8289    30.9229          1     45.529  0.000e+00
    22.1931     31.145   41.23462  -72.27010    234.847     7.5150      8.032    17.8291    30.9227          1     45.529  0.000e+00
    22.1932     31.100   41.23462  -72.27010    234.827     7.5144      8.032    17.8289    30.9229          1     45.463  0.000e+00
    22.1932     31.125   41.23462  -72.27010    234.806     7.5137      8.032    17.8291    30.9229          1     45.501  0.000e+00
    22.1936     31.145   41.23462  -72.27010    234.783     7.5129      8.036    17.8289    30.9234          1     45.529  0.000e+00
    22.1940     31.145   41.23462  -72.27010    234.758     7.5122      8.032    17.8286    30.9238          1     45.529  0.000e+00
    22.1938     31.100   41.23462  -72.27010    234.600     7.5071      8.036    17.8289    30.9236          1     45.463  0.000e+00
    22.1938     31.145   41.23462  -72.27010    234.574     7.5063      8.032    17.8288    30.9236          1     45.529  0.000e+00
    22.1938     31.125   41.23462  -72.27010    234.544     7.5053      8.032    17.8288    30.9236          1     45.501  0.000e+00
    22.1939     31.100   41.23462  -72.27010    234.513     7.5043      8.036    17.8288    30.9237          1     45.463  0.000e+00
    22.1937     31.145   41.23462  -72.27010    234.482     7.5033      8.032    17.8289    30.9235          1     45.529  0.000e+00
    22.1937     31.145   41.23462  -72.27010    234.450     7.5023      8.032    17.8289    30.9235          1     45.529  0.000e+00
    22.1937     31.100   41.23462  -72.27010    234.415     7.5012      8.036    17.8289    30.9235          1     45.463  0.000e+00
    22.1940     31.170   41.23462  -72.27012    234.256     7.4961      8.032    17.8286    30.9238          1     45.566  0.000e+00
    22.1937     31.145   41.23462  -72.27012    234.219     7.4949      8.036    17.8289    30.9235          1     45.529  0.000e+00
    22.1935     31.100   41.23462  -72.27012    234.185     7.4938      8.032    17.8288    30.9231          1     45.463  0.000e+00
    22.1933     31.145   41.23462  -72.27012    234.023     7.4886      8.036    17.8289    30.9230          1     45.529  0.000e+00
    22.1935     31.145   41.23462  -72.27012    233.990     7.4876      8.032    17.8288    30.9233          1     45.529  0.000e+00
    22.1933     31.125   41.23462  -72.27012    233.944     7.4861      8.032    17.8291    30.9231          1     45.501  0.000e+00
    22.1935     31.145   41.23462  -72.27012    233.913     7.4851      8.027    17.8289    30.9232          1     45.529  0.000e+00
    22.1935     31.145   41.23462  -72.27012    233.883     7.4841      8.032    17.8288    30.9231          1     45.529  0.000e+00
    22.1941     31.100   41.23462  -72.27012    233.863     7.4835      8.032    17.8288    30.9239          1     45.463  0.000e+00
    22.1941     31.145   41.23462  -72.27012    233.848     7.4830      8.032    17.8288    30.9240          1     45.529  0.000e+00
