cruise2/ctd/proc/twov0.cnv
* Sea-Bird SBE 9 Data File:
* FileName = C:\Users\Tech\Documents\DataFiles\SBE 9\two.hex
* Software Version Seasave V 7.26.7.107
* Temperature SN = 2735
* Conductivity SN = 2257
* Number of Bytes Per Scan = 44
* Number of Voltage Words = 4
* Number of Scans Averaged by the Deck Unit = 1
* NMEA Latitude = 41 14.03 N
* NMEA Longitude = 072 16.08 W
* NMEA UTC (Time) = Oct 13 2022  00:40:38
* NMEA baud rate = 4800
# nquan = 12
# nvalues = 20748                                 
# units = specified
# name 0 = sigma-t00: Density [sigma-t, kg/m^3 ]
# name 1 = depSM: Depth [salt water, m]
# name 2 = latitude: Latitude [deg]
# name 3 = longitude: Longitude [deg]
# name 4 = sbeox0Mm/L: Oxygen, SBE 43 [umol/l]
# name 5 = sbeox0Mg/L: Oxygen, SBE 43 [mg/l]
# name 6 = ph: pH
# name 7 = t090C: Temperature [ITS-90, deg C]
# name 8 = sal00: Salinity, Practical [PSU]
# name 9 = nbf: Bottles Fired
# name 10 = prDE: Pressure, Digiquartz [psi]
# name 11 = flag:  0.000e+00
# span 0 =    21.7406,    22.2119                 
# span 1 =      1.110,     31.281                 
# span 2 =   41.23384,   41.23536                 
# span 3 =  -72.27354,  -72.26808                 
# span 4 =    231.274,    246.797                 
# span 5 =     7.4007,     7.8974                 
# span 6 =      8.018,      8.068                 
# span 7 =    17.6686,    17.8547                 
# span 8 =    30.2853,    30.9449                 
# span 9 =          0,         11                 
# span 10 =      1.623,     45.728                
# span 11 = 0.0000e+00, 0.0000e+00                
# interval = seconds: 0.0416667
# start_time = Oct 13 2022 00:40:40 [System UTC, header]
# bad_flag = -9.990e-29
*END*
[from data line 20091]
    21.7462      1.342   41.23530  -72.27334    242.448     7.7582      8.046    17.6781    30.2915         11      1.961  0.000e+00
    21.7460      1.348   41.23530  -72.27334    242.305     7.7537      8.046    17.6784    30.2914         11      1.971  0.000e+00
    21.7464      1.342   41.23530  -72.27334    242.419     7.7573      8.046    17.6786    30.2919         11      1.961  0.000e+00
    21.7465      1.297   41.23530  -72.27334    242.284     7.7530      8.050    17.6795    30.2924         11      1.896  0.000e+00
    21.7460      1.342   41.23530  -72.27334    242.271     7.7526      8.046    17.6799    30.2919         11      1.961  0.000e+00
    21.7463      1.348   41.23530  -72.27334    242.388     7.7563      8.050    17.6798    30.2922         11      1.971  0.000e+00
    21.7468      1.342   41.23530  -72.27334    242.255     7.7520      8.046    17.6807    30.2931         11      1.961  0.000e+00
    21.7461      1.348   41.23530  -72.27334    242.229     7.7512      8.050    17.6836    30.2931         11      1.971  0.000e+00
    21.7459      1.297   41.23530  -72.27334    242.209     7.7506      8.046    17.6851    30.2933         11      1.895  0.000e+00
    21.7454      1.342   41.23530  -72.27334    242.070     7.7461      8.046    17.6857    30.2928         11      1.961  0.000e+00
    21.7455      1.348   41.23530  -72.27334    242.049     7.7454      8.046    17.6857    30.2930         11      1.970  0.000e+00
    21.7456      1.342   41.23530  -72.27334    242.158     7.7489      8.046    17.6854    30.2931         11      1.961  0.000e+00
    21.7455      1.297   41.23530  -72.27334    242.162     7.7491      8.046    17.6853    30.2928         11      1.895  0.000e+00
    21.7454      1.342   41.23530  -72.27334    242.030     7.7448      8.046    17.6852    30.2926         11      1.961  0.000e+00
    21.7454      1.348   41.23530  -72.27334    242.013     7.7443      8.046    17.6851    30.2926         11      1.970  0.000e+00
    21.7453      1.297   41.23530  -72.27334    241.995     7.7437      8.050    17.6850    30.2925         11      1.895  0.000e+00
    21.7455      1.348   41.23530  -72.27334    241.983     7.7433      8.046    17.6846    30.2927         11      1.970  0.000e+00
    21.7453      1.342   41.23530  -72.27334    241.982     7.7433      8.046    17.6845    30.2923         11      1.961  0.000e+00
    21.7453      1.297   41.23530  -72.27334    241.968     7.7429      8.046    17.6844    30.2923         11      1.895  0.000e+00
    21.7455      1.348   41.23530  -72.27334    241.969     7.7429      8.046    17.6845    30.2926         11      1.970  0.000e+00
    21.7454      1.342   41.23530  -72.27334    241.839     7.7387      8.046    17.6852    30.2927         11      1.961  0.000e+00
    21.7455      1.297   41.23530  -72.27334    241.944     7.7421      8.050    17.6854    30.2929         11      1.895  0.000e+00
    21.7450      1.342   41.23530  -72.27334    241.821     7.7382      8.050    17.6858    30.2924         11      1.961  0.000e+00
    21.7451      1.297   41.23530  -72.27334    241.804     7.7376      8.046    17.6855    30.2924         11      1.895  0.000e+00
    21.7452      1.297   41.23530  -72.27334    241.802     7.7376      8.046    17.6851    30.2924         11      1.895  0.000e+00
    21.7453      1.348   41.23530  -72.27334    241.806     7.7377      8.050    17.6845    30.2923         11      1.970  0.000e+00
    21.7454      1.297   41.23530  -72.27334    241.808     7.7378      8.046    17.6838    30.2923         11      1.895  0.000e+00
    21.7456      1.348   41.23530  -72.27334    241.674     7.7335      8.041    17.6833    30.2923         11      1.970  0.000e+00
    21.7454      1.297   41.23530  -72.27334    241.525     7.7287      8.046    17.6832    30.2920         11      1.895  0.000e+00
    21.7457      1.342   41.23530  -72.27334    241.625     7.7319      8.046    17.6831    30.2925         11      1.961  0.000e+00
    21.7455      1.297   41.23530  -72.27334    241.609     7.7314      8.046    17.6829    30.2921         11      1.895  0.000e+00
    21.7455      1.297   41.23530  -72.27334    241.596     7.7310      8.046    17.6828    30.2921         11      1.895  0.000e+00
    21.7458      1.348   41.23530  -72.27334    241.462     7.7267      8.046    17.6821    30.2923         11      1.970  0.000e+00
    21.7455      1.297   41.23530  -72.27334    241.442     7.7260      8.046    17.6817    30.2918         11      1.895  0.000e+00
    21.7459      1.348   41.23532  -72.27334    241.414     7.7251      8.046    17.6813    30.2921         11      1.970  0.000e+00
    21.7455      1.297   41.23532  -72.27334    241.512     7.7283      8.046    17.6814    30.2917         11      1.895  0.000e+00
    21.7454      1.297   41.23532  -72.27334    241.368     7.7237      8.046    17.6814    30.2916         11      1.895  0.000e+00
    21.7456      1.348   41.23532  -72.27334    241.483     7.7274      8.046    17.6815    30.2918         11      1.970  0.000e+00
    21.7455      1.297   41.23532  -72.27334    241.341     7.7228      8.046    17.6818    30.2918         11      1.895  0.000e+00
    21.7456      1.297   41.23532  -72.27334    241.333     7.7226      8.041    17.6815    30.2918         11      1.895  0.000e+00
    21.7454      1.297   41.23532  -72.27334    241.327     7.7224      8.046    17.6815    30.2915         11      1.895  0.000e+00
    21.7455      1.297   41.23532  -72.27334    241.310     7.7218      8.046    17.6816    30.2918         11      1.895  0.000e+00
    21.7457      1.341   41.23532  -72.27334    241.311     7.7219      8.046    17.6812    30.2918         11      1.961  0.000e+00
    21.7456      1.297   41.23532  -72.27334    241.298     7.7214      8.046    17.6812    30.2917         11      1.895  0.000e+00
    21.7461      1.297   41.23532  -72.27334    241.430     7.7257      8.046    17.6808    30.2922         11      1.895  0.000e+00
    21.7460      1.297   41.23532  -72.27334    241.449     7.7263      8.046    17.6804    30.2919         11      1.895  0.000e+00
    21.7460      1.297   41.23532  -72.27334    241.468     7.7269      8.041    17.6804    30.2919         11      1.895  0.000e+00
    21.7462      1.348   41.23532  -72.27334    241.490     7.7276      8.046    17.6803    30.2923         11      1.970  0.000e+00
    21.7465      1.297   41.23532  -72.27334    241.383     7.7241      8.046    17.6802    30.2926         11      1.895  0.000e+00
    21.7466      1.252   41.23532  -72.27334    241.521     7.7286      8.046    17.6804    30.2928         11      1.830  0.000e+00
    21.7461      1.348   41.23532  -72.27334    241.539     7.7291      8.046    17.6804    30.2921         11      1.970  0.000e+00
    21.7460      1.296   41.23532  -72.27334    241.566     7.7300      8.046    17.6805    30.2921         11      1.895  0.000e+00
    21.7463      1.252   41.23532  -72.27334    241.710     7.7346      8.046    17.6805    30.2924         11      1.829  0.000e+00
    21.7464      1.296   41.23532  -72.27334    241.744     7.7357      8.050    17.6803    30.2924         11      1.895  0.000e+00
    21.7464      1.348   41.23532  -72.27334    241.661     7.7331      8.046    17.6804    30.2925         11      1.970  0.000e+00
    21.7463      1.296   41.23532  -72.27334    241.810     7.7378      8.046    17.6804    30.2924         11      1.895  0.000e+00
    21.7464      1.296   41.23532  -72.27334    241.844     7.7389      8.046    17.6805    30.2926         11      1.895  0.000e+00
    21.7462      1.296   41.23532  -72.27334    241.880     7.7400      8.046    17.6808    30.2924         11      1.895  0.000e+00
    21.7466      1.296   41.23532  -72.27336    241.907     7.7409      8.050    17.6802    30.2927         11      1.895  0.000e+00
    21.7468      1.252   41.23532  -72.27336    241.936     7.7418      8.046    17.6791    30.2927         11      1.829  0.000e+00
    21.7465      1.296   41.23532  -72.27336    241.975     7.7431      8.046    17.6792    30.2923         11      1.895  0.000e+00
    21.7464      1.296   41.23532  -72.27336    242.015     7.7444      8.046    17.6791    30.2921         11      1.895  0.000e+00
    21.7465      1.296   41.23532  -72.27336    242.043     7.7453      8.050    17.6789    30.2922         11      1.895  0.000e+00
    21.7462      1.252   41.23532  -72.27336    242.067     7.7460      8.046    17.6796    30.2919         11      1.829  0.000e+00
    21.7465      1.296   41.23532  -72.27336    242.095     7.7469      8.046    17.6798    30.2925         11      1.895  0.000e+00
    21.7461      1.252   41.23532  -72.27336    242.254     7.7520      8.046    17.6795    30.2918         11      1.829  0.000e+00
    21.7459      1.296   41.23532  -72.27336    242.296     7.7534      8.046    17.6796    30.2916         11      1.895  0.000e+00
    21.7462      1.251   41.23532  -72.27336    242.337     7.7547      8.046    17.6793    30.2920         11      1.829  0.000e+00
    21.7461      1.296   41.23532  -72.27336    242.251     7.7519      8.046    17.6793    30.2917         11      1.895  0.000e+00
    21.7459      1.251   41.23532  -72.27336    242.268     7.7525      8.055    17.6792    30.2914         11      1.829  0.000e+00
    21.7462      1.296   41.23532  -72.27336    242.428     7.7576      8.046    17.6789    30.2917         11      1.895  0.000e+00
    21.7461      1.251   41.23532  -72.27336    242.456     7.7585      8.046    17.6789    30.2916         11      1.829  0.000e+00
    21.7461      1.251   41.23532  -72.27336    242.485     7.7594      8.046    17.6788    30.2917         11      1.829  0.000e+00
    21.7461      1.251   41.23532  -72.27336    242.642     7.7645      8.046    17.6786    30.2916         11      1.829  0.000e+00
    21.7462      1.296   41.23532  -72.27336    242.685     7.7658      8.046    17.6783    30.2915         11      1.895  0.000e+00
    21.7460      1.251   41.23532  -72.27336    242.722     7.7670      8.046    17.6782    30.2913         11      1.829  0.000e+00
    21.7464      1.251   41.23532  -72.27336    242.617     7.7636      8.050    17.6783    30.2918         11      1.829  0.000e+00
    21.7464      1.296   41.23532  -72.27336    242.745     7.7677      8.046    17.6784    30.2919         11      1.895  0.000e+00
    21.7464      1.251   41.23532  -72.27336    242.766     7.7684      8.046    17.6783    30.2918         11      1.829  0.000e+00
    21.7464      1.207   41.23532  -72.27336    242.785     7.7690      8.046    17.6782    30.2919         11      1.764  0.000e+00
    21.7466      1.296   41.23532  -72.27336    242.807     7.7697      8.046    17.6781    30.2921         11      1.895  0.000e+00
    21.7464      1.251   41.23532  -72.27336    242.809     7.7698      8.046    17.6783    30.2918         11      1.829  0.000e+00
    21.7463      1.251   41.23532  -72.27336    242.683     7.7658      8.046    17.6784    30.2917         11      1.829  0.000e+00
    21.7466      1.296   41.23532  -72.27336    242.675     7.7655      8.050    17.6779    30.2920         11      1.895  0.000e+00
    21.7462      1.251   41.23532  -72.27336    242.673     7.7654      8.046    17.6783    30.2916         11      1.829  0.000e+00
    21.7465      1.296   41.23532  -72.27336    242.662     7.7651      8.046    17.6780    30.2919         11      1.895  0.000e+00
    21.7462      1.251   41.23532  -72.27336    242.657     7.7649      8.046    17.6783    30.2916         11      1.829  0.000e+00
    21.7464      1.296   41.23532  -72.27336    242.516     7.7604      8.046    17.6779    30.2917         11      1.895  0.000e+00
    21.7463      1.251   41.23532  -72.27336    242.356     7.7553      8.046    17.6780    30.2917         11      1.829  0.000e+00
    21.7464      1.296   41.23532  -72.27336    242.316     7.7540      8.046    17.6781    30.2918         11      1.895  0.000e+00
    21.7465      1.251   41.23532  -72.27336    242.273     7.7526      8.041    17.6779    30.2918         11      1.829  0.000e+00
    21.7466      1.296   41.23532  -72.27336    242.233     7.7513      8.046    17.6777    30.2919         11      1.895  0.000e+00
    21.7465      1.348   41.23532  -72.27336    242.062     7.7459      8.046    17.6779    30.2919         11      1.970  0.000e+00
    21.7462      1.296   41.23532  -72.27336    242.016     7.7444      8.046    17.6783    30.2915         11      1.895  0.000e+00
    21.7466      1.296   41.23532  -72.27336    241.973     7.7430      8.046    17.6784    30.2921         11      1.895  0.000e+00
    21.7462      1.348   41.23532  -72.27336    241.931     7.7417      8.050    17.6788    30.2917         11      1.970  0.000e+00
    21.7465      1.296   41.23532  -72.27336    241.765     7.7364      8.046    17.6779    30.2919         11      1.895  0.000e+00
    21.7466      1.348   41.23532  -72.27336    241.704     7.7344      8.046    17.6775    30.2918         11      1.970  0.000e+00
    21.7466      1.341   41.23532  -72.27336    241.655     7.7329      8.055    17.6769    30.2917         11      1.960  0.000e+00
    21.7467      1.348   41.23532  -72.27336    241.476     7.7271      8.046    17.6769    30.2918         11      1.970  0.000e+00
    21.7471      1.341   41.23532  -72.27336    241.545     7.7293      8.046    17.6765    30.2922         11      1.960  0.000e+00
    21.7470      1.348   41.23532  -72.27336    241.510     7.7282      8.046    17.6764    30.2921         11      1.970  0.000e+00
    21.7473      1.392   41.23532  -72.27336    241.471     7.7270      8.046    17.6774    30.2928         11      2.035  0.000e+00
    21.7469      1.348   41.23532  -72.27336    241.416     7.7252      8.046    17.6790    30.2928         11      1.970  0.000e+00
    21.7468      1.348   41.23532  -72.27336    241.378     7.7240      8.046    17.6802    30.2930         11      1.970  0.000e+00
    21.7466      1.392   41.23532  -72.27336    241.349     7.7231      8.046    17.6804    30.2927         11      2.035  0.000e+00
    21.7465      1.348   41.23532  -72.27336    241.446     7.7262      8.060    17.6808    30.2927         11      1.970  0.000e+00
    21.7465      1.392   41.23532  -72.27336    241.431     7.7257      8.046    17.6808    30.2928         11      2.035  0.000e+00
    21.7464      1.347   41.23532  -72.27336    241.415     7.7252      8.046    17.6808    30.2926         11      1.970  0.000e+00
    21.7462      1.341   41.23532  -72.27336    241.401     7.7247      8.046    17.6810    30.2924         11      1.960  0.000e+00
    21.7466      1.392   41.23532  -72.27336    241.520     7.7285      8.046    17.6806    30.2929         11      2.035  0.000e+00
    21.7464      1.341   41.23532  -72.27336    241.519     7.7285      8.046    17.6805    30.2926         11      1.960  0.000e+00
    21.7463      1.347   41.23532  -72.27336    241.520     7.7285      8.046    17.6805    30.2925         11      1.970  0.000e+00
    21.7464      1.341   41.23532  -72.27336    241.650     7.7327      8.046    17.6803    30.2924         11      1.960  0.000e+00
    21.7464      1.347   41.23532  -72.27336    241.806     7.7377      8.046    17.6800    30.2923         11      1.970  0.000e+00
    21.7466      1.296   41.23532  -72.27336    241.841     7.7388      8.046    17.6800    30.2927         11      1.895  0.000e+00
    21.7467      1.341   41.23532  -72.27336    241.880     7.7400      8.050    17.6801    30.2928         11      1.960  0.000e+00
    21.7468      1.296   41.23532  -72.27336    241.902     7.7407      8.046    17.6804    30.2930         11      1.895  0.000e+00
    21.7466      1.251   41.23532  -72.27336    242.052     7.7456      8.046    17.6805    30.2928         11      1.829  0.000e+00
