cruise2/ctd/proc/WFarmv0.cnv
* Sea-Bird SBE 9 Data File:
* FileName = C:\Users\Tech\Documents\DataFiles\SBE 9\2022_10_11_SamGrad\WFarm.hex
* Software Version Seasave V 7.26.7.107
* Temperature SN = 2735
* Conductivity SN = 2257
* Number of Bytes Per Scan = 44
* Number of Voltage Words = 4
* Number of Scans Averaged by the Deck Unit = 1
* NMEA Latitude = 41 03.15 N
* NMEA Longitude = 071 32.93 W
* NMEA UTC (Time) = Oct 12 2022  18:10:38
* NMEA baud rate = 4800
# nquan = 12
# nvalues = 10427                                 
# units = specified
# name 0 = sigma-t00: Density [sigma-t, kg/m^3 ]
# name 1 = depSM: Depth [salt water, m]
# name 2 = latitude: Latitude [deg]
# name 3 = longitude: Longitude [deg]
# name 4 = sbeox0Mm/L: Oxygen, SBE 43 [umol/l]
# name 5 = sbeox0Mg/L: Oxygen, SBE 43 [mg/l]
# name 6 = ph: pH
# name 7 = t090C: Temperature [ITS-90, deg C]
# name 8 = sal00: Salinity, Practical [PSU]
# name 9 = nbf: Bottles Fired
# name 10 = prDE: Pressure, Digiquartz [psi]
# name 11 = flag:  0.000e+00
# span 0 =    23.6090,    23.9825                 
# span 1 =      0.855,     36.881                 
# span 2 =   41.05242,   41.05312                 
# span 3 =  -71.54880,  -71.54690                 
# span 4 =    219.253,    270.577                 
# span 5 =     7.0160,     8.6584                 
# span 6 =      7.988,      8.144                 
# span 7 =    15.8245,    17.1581                 
# span 8 =    32.5486,    32.6577                 
# span 9 =          0,          7                 
# span 10 =      1.250,     53.914                
# span 11 = 0.0000e+00, 0.0000e+00                
# interval = seconds: 0.0416667
# start_time = Oct 12 2022 18:10:42 [System UTC, header]
# bad_flag = -9.990e-29
*END*
[from data line 1925]
    23.9631     36.301   41.05254  -71.54840    222.780     7.1288      8.016    15.8962    32.6489          0     53.066  0.000e+00
    23.9628     36.275   41.05254  -71.54840    222.687     7.1259      8.016    15.8964    32.6486          0     53.028  0.000e+00
    23.9632     36.256   41.05254  -71.54840    222.724     7.1271      8.016    15.8959    32.6489          0     53.000  0.000e+00
    23.9631     36.275   41.05254  -71.54840    222.754     7.1280      8.016    15.8958    32.6488          0     53.028  0.000e+00
    23.9630     36.211   41.05254  -71.54840    222.801     7.1295      8.016    15.8961    32.6488          0     52.934  0.000e+00
    23.9631     36.256   41.05254  -71.54840    222.845     7.1309      8.016    15.8961    32.6488          0     53.000  0.000e+00
    23.9629     36.230   41.05254  -71.54840    222.746     7.1278      8.016    15.8962    32.6487          0     52.963  0.000e+00
    23.9629     36.211   41.05254  -71.54840    222.638     7.1243      8.016    15.8967    32.6488          0     52.934  0.000e+00
    23.9632     36.211   41.05254  -71.54840    222.661     7.1250      8.016    15.8967    32.6492          0     52.934  0.000e+00
    23.9633     36.179   41.05254  -71.54840    222.542     7.1212      8.029    15.8967    32.6493          0     52.888  0.000e+00
    23.9629     36.211   41.05254  -71.54840    222.537     7.1211      8.016    15.8971    32.6489          0     52.934  0.000e+00
    23.9629     36.179   41.05254  -71.54840    222.403     7.1168      8.016    15.8976    32.6490          0     52.888  0.000e+00
    23.9632     36.159   41.05254  -71.54840    222.530     7.1208      8.016    15.8978    32.6495          0     52.859  0.000e+00
    23.9623     36.159   41.05254  -71.54840    222.409     7.1170      8.020    15.8988    32.6486          0     52.859  0.000e+00
    23.9619     36.179   41.05254  -71.54840    222.272     7.1126      8.016    15.8992    32.6482          0     52.888  0.000e+00
    23.9620     36.114   41.05254  -71.54840    222.245     7.1117      8.016    15.8993    32.6483          0     52.794  0.000e+00
    23.9624     36.159   41.05254  -71.54840    222.228     7.1112      8.016    15.8993    32.6489          0     52.859  0.000e+00
    23.9621     36.134   41.05254  -71.54840    222.082     7.1065      8.016    15.8996    32.6486          0     52.822  0.000e+00
    23.9618     36.114   41.05254  -71.54840    222.065     7.1060      8.016    15.8996    32.6482          0     52.794  0.000e+00
    23.9619     36.134   41.05254  -71.54840    222.056     7.1057      8.016    15.8996    32.6484          0     52.822  0.000e+00
    23.9619     36.159   41.05254  -71.54840    221.908     7.1009      8.016    15.8995    32.6483          0     52.859  0.000e+00
    23.9624     36.070   41.05254  -71.54840    221.882     7.1001      8.016    15.8994    32.6489          0     52.728  0.000e+00
    23.9619     36.134   41.05254  -71.54840    221.856     7.0993      8.016    15.8993    32.6483          0     52.822  0.000e+00
    23.9620     36.114   41.05254  -71.54840    221.700     7.0943      8.016    15.8993    32.6483          0     52.794  0.000e+00
    23.9622     36.114   41.05254  -71.54840    221.671     7.0934      8.025    15.8992    32.6486          0     52.794  0.000e+00
    23.9617     36.134   41.05254  -71.54840    221.650     7.0927      8.016    15.8993    32.6479          0     52.822  0.000e+00
    23.9619     36.114   41.05254  -71.54840    221.490     7.0876      8.016    15.8989    32.6481          0     52.794  0.000e+00
    23.9617     36.089   41.05254  -71.54840    221.588     7.0907      8.016    15.8992    32.6479          0     52.756  0.000e+00
    23.9623     36.114   41.05254  -71.54840    221.575     7.0903      8.016    15.8988    32.6487          0     52.794  0.000e+00
    23.9622     36.159   41.05254  -71.54840    221.568     7.0901      8.016    15.8990    32.6485          0     52.859  0.000e+00
    23.9620     36.134   41.05254  -71.54840    221.435     7.0858      8.016    15.8988    32.6482          0     52.822  0.000e+00
    23.9619     36.070   41.05254  -71.54840    221.426     7.0855      8.016    15.8989    32.6482          0     52.728  0.000e+00
    23.9622     36.159   41.05254  -71.54840    221.417     7.0853      8.016    15.8983    32.6484          0     52.859  0.000e+00
    23.9620     36.134   41.05254  -71.54840    221.410     7.0850      8.016    15.8983    32.6481          0     52.822  0.000e+00
    23.9620     36.114   41.05254  -71.54840    221.412     7.0851      8.016    15.8980    32.6480          0     52.794  0.000e+00
    23.9621     36.114   41.05254  -71.54840    221.421     7.0854      8.016    15.8973    32.6480          0     52.794  0.000e+00
    23.9627     36.230   41.05254  -71.54840    221.444     7.0861      8.016    15.8959    32.6482          0     52.963  0.000e+00
    23.9628     36.159   41.05254  -71.54840    221.467     7.0868      8.016    15.8951    32.6482          0     52.859  0.000e+00
    23.9629     36.089   41.05254  -71.54840    221.345     7.0829      8.016    15.8951    32.6483          0     52.756  0.000e+00
    23.9631     36.211   41.05254  -71.54840    221.342     7.0828      8.016    15.8947    32.6485          0     52.934  0.000e+00
    23.9636     36.211   41.05254  -71.54840    221.359     7.0834      8.016    15.8936    32.6488          0     52.934  0.000e+00
    23.9641     36.134   41.05254  -71.54840    221.248     7.0798      8.016    15.8925    32.6491          0     52.822  0.000e+00
    23.9647     36.256   41.05254  -71.54840    221.256     7.0801      8.016    15.8911    32.6495          0     53.000  0.000e+00
    23.9643     36.211   41.05254  -71.54840    221.260     7.0802      8.016    15.8913    32.6490          0     52.934  0.000e+00
    23.9643     36.179   41.05254  -71.54840    221.406     7.0849      8.016    15.8910    32.6490          0     52.888  0.000e+00
    23.9645     36.256   41.05254  -71.54840    221.459     7.0866      8.016    15.8900    32.6490          0     53.000  0.000e+00
    23.9651     36.275   41.05254  -71.54840    221.370     7.0838      8.016    15.8889    32.6494          0     53.028  0.000e+00
    23.9651     36.211   41.05254  -71.54840    221.534     7.0890      8.016    15.8889    32.6494          0     52.934  0.000e+00
    23.9649     36.256   41.05254  -71.54840    221.586     7.0907      8.016    15.8891    32.6492          0     53.000  0.000e+00
    23.9651     36.275   41.05254  -71.54840    221.519     7.0885      8.016    15.8877    32.6491          0     53.028  0.000e+00
    23.9666     36.301   41.05254  -71.54840    221.703     7.0944      8.011    15.8846    32.6501          0     53.066  0.000e+00
    23.9668     36.230   41.05254  -71.54840    221.766     7.0964      8.016    15.8829    32.6499          0     52.963  0.000e+00
    23.9669     36.352   41.05254  -71.54840    221.966     7.1028      8.016    15.8826    32.6499          0     53.141  0.000e+00
    23.9670     36.301   41.05254  -71.54840    221.913     7.1011      8.016    15.8824    32.6500          0     53.066  0.000e+00
    23.9665     36.275   41.05254  -71.54840    222.118     7.1077      8.016    15.8828    32.6494          0     53.028  0.000e+00
    23.9666     36.352   41.05254  -71.54840    222.065     7.1060      8.016    15.8826    32.6494          0     53.141  0.000e+00
    23.9665     36.301   41.05254  -71.54840    222.116     7.1076      8.016    15.8831    32.6495          0     53.066  0.000e+00
    23.9668     36.320   41.05254  -71.54840    222.175     7.1095      8.002    15.8831    32.6498          0     53.094  0.000e+00
    23.9671     36.352   41.05254  -71.54840    222.228     7.1112      8.016    15.8826    32.6501          0     53.141  0.000e+00
    23.9672     36.320   41.05254  -71.54840    222.417     7.1172      8.016    15.8819    32.6501          0     53.094  0.000e+00
    23.9678     36.352   41.05254  -71.54840    222.478     7.1192      8.016    15.8809    32.6505          0     53.141  0.000e+00
    23.9683     36.352   41.05254  -71.54840    222.555     7.1217      8.016    15.8800    32.6509          0     53.141  0.000e+00
    23.9677     36.371   41.05254  -71.54840    222.618     7.1237      8.016    15.8803    32.6503          0     53.169  0.000e+00
    23.9675     36.352   41.05254  -71.54840    222.666     7.1252      8.011    15.8810    32.6502          0     53.141  0.000e+00
    23.9676     36.397   41.05254  -71.54840    222.718     7.1269      8.016    15.8814    32.6505          0     53.207  0.000e+00
    23.9674     36.320   41.05254  -71.54840    222.769     7.1285      8.016    15.8821    32.6503          0     53.094  0.000e+00
    23.9668     36.397   41.05254  -71.54840    222.809     7.1298      8.016    15.8834    32.6501          0     53.207  0.000e+00
    23.9658     36.371   41.05254  -71.54840    222.846     7.1310      8.016    15.8853    32.6492          0     53.169  0.000e+00
    23.9659     36.352   41.05254  -71.54840    223.025     7.1367      8.016    15.8855    32.6494          0     53.141  0.000e+00
    23.9670     36.397   41.05254  -71.54840    223.080     7.1384      8.016    15.8841    32.6504          0     53.207  0.000e+00
    23.9669     36.371   41.05254  -71.54840    223.129     7.1400      8.016    15.8839    32.6502          0     53.169  0.000e+00
    23.9667     36.352   41.05254  -71.54840    223.175     7.1415      8.016    15.8845    32.6502          0     53.141  0.000e+00
    23.9665     36.397   41.05254  -71.54840    223.074     7.1383      8.016    15.8853    32.6501          0     53.207  0.000e+00
    23.9657     36.371   41.05254  -71.54840    223.224     7.1431      8.016    15.8865    32.6495          0     53.169  0.000e+00
    23.9656     36.352   41.05254  -71.54840    223.259     7.1442      8.016    15.8868    32.6494          0     53.141  0.000e+00
    23.9658     36.416   41.05254  -71.54840    223.282     7.1449      8.016    15.8868    32.6496          0     53.235  0.000e+00
    23.9662     36.352   41.05254  -71.54840    223.448     7.1502      8.011    15.8868    32.6502          0     53.141  0.000e+00
    23.9659     36.397   41.05254  -71.54840    223.494     7.1517      8.016    15.8877    32.6501          0     53.207  0.000e+00
    23.9654     36.371   41.05254  -71.54840    223.538     7.1531      8.016    15.8886    32.6497          0     53.169  0.000e+00
    23.9652     36.352   41.05254  -71.54840    223.432     7.1497      8.016    15.8896    32.6497          0     53.141  0.000e+00
    23.9645     36.352   41.05254  -71.54840    223.447     7.1502      8.016    15.8906    32.6491          0     53.141  0.000e+00
    23.9639     36.416   41.05254  -71.54840    223.593     7.1549      8.016    15.8922    32.6487          0     53.235  0.000e+00
    23.9636     36.352   41.05254  -71.54840    223.621     7.1558      8.020    15.8927    32.6485          0     53.141  0.000e+00
    23.9630     36.371   41.05254  -71.54840    223.646     7.1566      8.016    15.8938    32.6481          0     53.169  0.000e+00
    23.9625     36.397   41.05254  -71.54840    223.671     7.1574      8.016    15.8949    32.6477          0     53.207  0.000e+00
    23.9623     36.352   41.05254  -71.54840    223.829     7.1624      8.016    15.8952    32.6476          0     53.141  0.000e+00
    23.9624     36.320   41.05254  -71.54840    223.867     7.1636      8.016    15.8953    32.6477          0     53.094  0.000e+00
    23.9628     36.397   41.05254  -71.54840    223.894     7.1645      8.016    15.8949    32.6481          0     53.207  0.000e+00
    23.9630     36.371   41.05254  -71.54840    223.915     7.1652      8.011    15.8949    32.6484          0     53.169  0.000e+00
    23.9625     36.352   41.05254  -71.54840    223.931     7.1657      8.016    15.8956    32.6479          0     53.141  0.000e+00
    23.9625     36.397   41.05254  -71.54840    223.934     7.1658      8.016    15.8957    32.6480          0     53.207  0.000e+00
    23.9627     36.320   41.05254  -71.54840    224.064     7.1700      8.016    15.8958    32.6482          0     53.094  0.000e+00
    23.9628     36.352   41.05254  -71.54840    224.076     7.1703      8.016    15.8956    32.6483          0     53.141  0.000e+00
    23.9623     36.397   41.05254  -71.54840    224.099     7.1711      8.016    15.8956    32.6477          0     53.207  0.000e+00
    23.9630     36.320   41.05254  -71.54840    224.119     7.1717      8.016    15.8947    32.6484          0     53.094  0.000e+00
    23.9628     36.352   41.05254  -71.54840    224.126     7.1719      8.016    15.8938    32.6478          0     53.141  0.000e+00
    23.9630     36.371   41.05254  -71.54840    224.008     7.1681      8.016    15.8932    32.6479          0     53.169  0.000e+00
    23.9635     36.352   41.05254  -71.54840    224.006     7.1681      8.016    15.8925    32.6483          0     53.141  0.000e+00
    23.9634     36.352   41.05254  -71.54840    223.987     7.1675      8.016    15.8923    32.6481          0     53.141  0.000e+00
    23.9643     36.371   41.05254  -71.54840    223.984     7.1674      8.016    15.8910    32.6489          0     53.169  0.000e+00
    23.9642     36.352   41.05254  -71.54840    223.840     7.1628      8.011    15.8908    32.6487          0     53.141  0.000e+00
    23.9638     36.352   41.05254  -71.54840    223.961     7.1667      8.016    15.8909    32.6483          0     53.141  0.000e+00
    23.9636     36.416   41.05254  -71.54840    223.813     7.1619      8.016    15.8913    32.6482          0     53.235  0.000e+00
    23.9639     36.352   41.05254  -71.54840    223.665     7.1572      8.016    15.8908    32.6484          0     53.141  0.000e+00
    23.9640     36.371   41.05254  -71.54840    223.622     7.1558      8.016    15.8906    32.6485          0     53.169  0.000e+00
    23.9640     36.397   41.05254  -71.54840    223.577     7.1544      8.016    15.8906    32.6485          0     53.207  0.000e+00
    23.9635     36.352   41.05254  -71.54838    223.529     7.1528      8.016    15.8911    32.6479          0     53.141  0.000e+00
    23.9637     36.371   41.05254  -71.54838    223.348     7.1470      8.016    15.8911    32.6483          0     53.169  0.000e+00
    23.9637     36.397   41.05254  -71.54838    223.432     7.1497      8.016    15.8915    32.6483          0     53.207  0.000e+00
    23.9637     36.352   41.05254  -71.54838    223.262     7.1443      8.016    15.8918    32.6484          0     53.141  0.000e+00
    23.9636     36.416   41.05254  -71.54838    223.216     7.1428      8.016    15.8918    32.6482          0     53.235  0.000e+00
    23.9640     36.397   41.05254  -71.54838    223.040     7.1372      8.011    15.8906    32.6485          0     53.207  0.000e+00
    23.9644     36.371   41.05254  -71.54838    222.986     7.1355      8.016    15.8889    32.6484          0     53.169  0.000e+00
    23.9644     36.397   41.05254  -71.54838    222.930     7.1337      8.016    15.8882    32.6483          0     53.207  0.000e+00
    23.9645     36.442   41.05254  -71.54838    222.744     7.1277      8.016    15.8872    32.6481          0     53.272  0.000e+00
    23.9647     36.371   41.05254  -71.54838    222.806     7.1297      8.016    15.8865    32.6481          0     53.169  0.000e+00
    23.9648     36.397   41.05254  -71.54838    222.753     7.1280      8.016    15.8857    32.6480          0     53.207  0.000e+00
    23.9642     36.416   41.05254  -71.54838    222.706     7.1265      8.016    15.8866    32.6475          0     53.235  0.000e+00
    23.9643     36.397   41.05254  -71.54838    222.523     7.1206      8.016    15.8879    32.6480          0     53.207  0.000e+00
    23.9642     36.397   41.05254  -71.54838    222.597     7.1230      8.016    15.8889    32.6482          0     53.207  0.000e+00
