cruise2/ctd/proc/WFarmv0.cnv
* Sea-Bird SBE 9 Data File:
* FileName = C:\Users\Tech\Documents\DataFiles\SBE 9\2022_10_11_SamGrad\WFarm.hex
* Software Version Seasave V 7.26.7.107
* Temperature SN = 2735
* Conductivity SN = 2257
* Number of Bytes Per Scan = 44
* Number of Voltage Words = 4
* Number of Scans Averaged by the Deck Unit = 1
* NMEA Latitude = 41 03.15 N
* NMEA Longitude = 071 32.93 W
* NMEA UTC (Time) = Oct 12 2022  18:10:38
* NMEA baud rate = 4800
# nquan = 12
# nvalues = 10427                                 
# units = specified
# name 0 = sigma-t00: Density [sigma-t, kg/m^3 ]
# name 1 = depSM: Depth [salt water, m]
# name 2 = latitude: Latitude [deg]
# name 3 = longitude: Longitude [deg]
# name 4 = sbeox0Mm/L: Oxygen, SBE 43 [umol/l]
# name 5 = sbeox0Mg/L: Oxygen, SBE 43 [mg/l]
# name 6 = ph: pH
# name 7 = t090C: Temperature [ITS-90, deg C]
# name 8 = sal00: Salinity, Practical [PSU]
# name 9 = nbf: Bottles Fired
# name 10 = prDE: Pressure, Digiquartz [psi]
# name 11 = flag:  0.000e+00
# span 0 =    23.6090,    23.9825                 
# span 1 =      0.855,     36.881                 
# span 2 =   41.05242,   41.05312                 
# span 3 =  -71.54880,  -71.54690                 
# span 4 =    219.253,    270.577                 
# span 5 =     7.0160,     8.6584                 
# span 6 =      7.988,      8.144                 
# span 7 =    15.8245,    17.1581                 
# span 8 =    32.5486,    32.6577                 
# span 9 =          0,          7                 
# span 10 =      1.250,     53.914                
# span 11 = 0.0000e+00, 0.0000e+00                
# interval = seconds: 0.0416667
# start_time = Oct 12 2022 18:10:42 [System UTC, header]
# bad_flag = -9.990e-29
*END*
[from data line 6136]
    23.9716     36.763   41.05284  -71.54766    220.913     7.0691      8.007    15.8568    32.6485          1     53.742  0.000e+00
    23.9711     36.814   41.05284  -71.54766    221.050     7.0735      8.002    15.8569    32.6479          1     53.817  0.000e+00
    23.9711     36.737   41.05284  -71.54766    220.927     7.0696      8.011    15.8569    32.6479          1     53.704  0.000e+00
    23.9718     36.763   41.05284  -71.54766    220.939     7.0699      7.997    15.8568    32.6487          1     53.742  0.000e+00
    23.9717     36.737   41.05284  -71.54766    221.081     7.0745      8.007    15.8568    32.6486          1     53.704  0.000e+00
    23.9717     36.763   41.05284  -71.54766    220.969     7.0709      8.002    15.8569    32.6486          1     53.742  0.000e+00
    23.9714     36.718   41.05284  -71.54766    220.974     7.0711      8.002    15.8569    32.6483          1     53.676  0.000e+00
    23.9714     36.737   41.05284  -71.54766    220.978     7.0712      8.002    15.8569    32.6483          1     53.704  0.000e+00
    23.9719     36.763   41.05284  -71.54766    221.116     7.0756      8.002    15.8564    32.6488          1     53.742  0.000e+00
    23.9723     36.718   41.05284  -71.54766    220.995     7.0718      8.002    15.8563    32.6492          1     53.676  0.000e+00
    23.9722     36.737   41.05284  -71.54766    220.993     7.0717      8.002    15.8566    32.6492          1     53.704  0.000e+00
    23.9719     36.718   41.05284  -71.54766    220.988     7.0715      8.002    15.8569    32.6489          1     53.676  0.000e+00
    23.9718     36.737   41.05284  -71.54766    220.996     7.0718      8.002    15.8571    32.6489          1     53.704  0.000e+00
    23.9712     36.718   41.05284  -71.54766    221.136     7.0763      8.002    15.8575    32.6481          1     53.676  0.000e+00
    23.9717     36.718   41.05284  -71.54766    221.157     7.0769      8.002    15.8571    32.6487          1     53.676  0.000e+00
    23.9715     36.737   41.05284  -71.54766    221.161     7.0770      8.002    15.8573    32.6485          1     53.704  0.000e+00
    23.9712     36.673   41.05284  -71.54766    221.161     7.0771      8.007    15.8573    32.6482          1     53.610  0.000e+00
    23.9713     36.737   41.05284  -71.54766    221.027     7.0728      8.002    15.8576    32.6483          1     53.704  0.000e+00
    23.9714     36.673   41.05284  -71.54766    221.024     7.0727      8.007    15.8576    32.6485          1     53.610  0.000e+00
    23.9719     36.718   41.05284  -71.54766    220.875     7.0679      8.002    15.8573    32.6490          1     53.676  0.000e+00
    23.9715     36.692   41.05284  -71.54766    220.856     7.0673      8.002    15.8576    32.6486          1     53.638  0.000e+00
    23.9713     36.718   41.05284  -71.54766    220.973     7.0710      8.002    15.8575    32.6484          1     53.676  0.000e+00
    23.9713     36.692   41.05284  -71.54766    220.819     7.0661      8.007    15.8576    32.6484          1     53.638  0.000e+00
    23.9714     36.673   41.05284  -71.54766    220.783     7.0650      8.007    15.8576    32.6485          1     53.610  0.000e+00
    23.9715     36.673   41.05284  -71.54766    220.627     7.0600      8.007    15.8580    32.6487          1     53.610  0.000e+00
    23.9715     36.692   41.05284  -71.54766    220.592     7.0589      8.002    15.8579    32.6487          1     53.638  0.000e+00
    23.9712     36.673   41.05284  -71.54766    220.556     7.0577      8.002    15.8582    32.6484          1     53.610  0.000e+00
    23.9712     36.673   41.05284  -71.54766    220.521     7.0566      8.002    15.8582    32.6484          1     53.610  0.000e+00
    23.9714     36.692   41.05284  -71.54766    220.619     7.0597      8.002    15.8583    32.6487          1     53.638  0.000e+00
    23.9714     36.673   41.05284  -71.54766    220.595     7.0589      8.002    15.8585    32.6487          1     53.610  0.000e+00
    23.9714     36.647   41.05284  -71.54766    220.571     7.0582      8.002    15.8587    32.6488          1     53.573  0.000e+00
    23.9714     36.673   41.05284  -71.54766    220.414     7.0532      8.002    15.8589    32.6488          1     53.610  0.000e+00
    23.9711     36.673   41.05284  -71.54766    220.378     7.0520      8.002    15.8589    32.6485          1     53.610  0.000e+00
    23.9713     36.647   41.05284  -71.54766    220.341     7.0508      8.002    15.8587    32.6486          1     53.573  0.000e+00
    23.9714     36.622   41.05284  -71.54766    220.438     7.0539      8.002    15.8585    32.6488          1     53.535  0.000e+00
    23.9711     36.692   41.05284  -71.54766    220.415     7.0532      8.002    15.8587    32.6483          1     53.638  0.000e+00
    23.9712     36.622   41.05284  -71.54766    220.388     7.0523      8.007    15.8589    32.6486          1     53.535  0.000e+00
    23.9711     36.673   41.05284  -71.54766    220.363     7.0515      8.007    15.8592    32.6485          1     53.610  0.000e+00
    23.9712     36.647   41.05284  -71.54766    220.336     7.0506      8.007    15.8594    32.6487          1     53.573  0.000e+00
    23.9708     36.622   41.05284  -71.54766    220.307     7.0497      8.002    15.8599    32.6484          1     53.535  0.000e+00
    23.9710     36.577   41.05284  -71.54766    220.411     7.0531      8.007    15.8600    32.6487          1     53.469  0.000e+00
    23.9709     36.692   41.05284  -71.54766    220.415     7.0532      8.002    15.8600    32.6485          1     53.638  0.000e+00
    23.9710     36.673   41.05284  -71.54766    220.549     7.0575      8.002    15.8597    32.6485          1     53.610  0.000e+00
    23.9710     36.596   41.05284  -71.54766    220.557     7.0577      8.007    15.8599    32.6486          1     53.498  0.000e+00
    23.9708     36.622   41.05284  -71.54766    220.569     7.0581      8.007    15.8599    32.6484          1     53.535  0.000e+00
    23.9705     36.622   41.05284  -71.54766    220.579     7.0584      8.002    15.8599    32.6480          1     53.535  0.000e+00
    23.9710     36.647   41.05284  -71.54766    220.469     7.0549      8.007    15.8597    32.6486          1     53.573  0.000e+00
    23.9709     36.622   41.05284  -71.54766    220.609     7.0594      8.002    15.8600    32.6485          1     53.535  0.000e+00
    23.9708     36.596   41.05284  -71.54766    220.765     7.0644      8.002    15.8599    32.6484          1     53.498  0.000e+00
    23.9711     36.622   41.05284  -71.54766    220.805     7.0657      8.007    15.8589    32.6484          1     53.535  0.000e+00
    23.9721     36.577   41.05284  -71.54766    220.858     7.0673      8.007    15.8573    32.6493          1     53.469  0.000e+00
    23.9716     36.596   41.05284  -71.54766    220.892     7.0684      8.007    15.8573    32.6486          1     53.498  0.000e+00
    23.9710     36.622   41.05284  -71.54766    220.924     7.0695      8.002    15.8576    32.6480          1     53.535  0.000e+00
    23.9713     36.596   41.05284  -71.54766    220.966     7.0708      8.002    15.8578    32.6485          1     53.498  0.000e+00
    23.9715     36.577   41.05284  -71.54766    220.996     7.0718      8.002    15.8576    32.6486          1     53.469  0.000e+00
    23.9719     36.577   41.05284  -71.54766    221.028     7.0728      8.007    15.8569    32.6489          1     53.469  0.000e+00
    23.9722     36.551   41.05284  -71.54766    221.055     7.0737      8.002    15.8568    32.6492          1     53.432  0.000e+00
    23.9724     36.577   41.05284  -71.54766    221.230     7.0793      8.007    15.8568    32.6495          1     53.469  0.000e+00
    23.9719     36.577   41.05284  -71.54766    221.269     7.0805      8.002    15.8569    32.6489          1     53.469  0.000e+00
    23.9726     36.551   41.05284  -71.54766    221.307     7.0817      8.007    15.8564    32.6497          1     53.432  0.000e+00
    23.9728     36.577   41.05284  -71.54766    221.345     7.0829      8.007    15.8561    32.6499          1     53.469  0.000e+00
    23.9732     36.551   41.05284  -71.54766    221.376     7.0839      8.002    15.8563    32.6504          1     53.432  0.000e+00
    23.9728     36.532   41.05284  -71.54766    221.553     7.0896      8.002    15.8569    32.6501          1     53.404  0.000e+00
    23.9726     36.532   41.05284  -71.54766    221.474     7.0871      8.002    15.8576    32.6500          1     53.404  0.000e+00
    23.9724     36.506   41.05284  -71.54766    221.648     7.0926      8.007    15.8582    32.6499          1     53.366  0.000e+00
    23.9721     36.532   41.05284  -71.54766    221.700     7.0943      8.007    15.8590    32.6498          1     53.404  0.000e+00
    23.9717     36.506   41.05284  -71.54766    221.733     7.0954      8.007    15.8603    32.6496          1     53.366  0.000e+00
    23.9707     36.532   41.05284  -71.54766    221.897     7.1006      8.007    15.8621    32.6489          1     53.404  0.000e+00
    23.9705     36.487   41.05284  -71.54766    221.792     7.0972      8.002    15.8629    32.6489          1     53.338  0.000e+00
    23.9708     36.506   41.05284  -71.54766    221.809     7.0978      8.007    15.8631    32.6493          1     53.366  0.000e+00
    23.9700     36.487   41.05284  -71.54766    221.699     7.0943      8.007    15.8643    32.6487          1     53.338  0.000e+00
    23.9697     36.487   41.05284  -71.54766    221.828     7.0984      8.002    15.8650    32.6485          1     53.338  0.000e+00
    23.9696     36.455   41.05284  -71.54766    221.836     7.0987      8.002    15.8653    32.6483          1     53.291  0.000e+00
    23.9694     36.487   41.05284  -71.54766    221.829     7.0984      8.007    15.8657    32.6482          1     53.338  0.000e+00
    23.9692     36.455   41.05284  -71.54766    221.817     7.0980      8.002    15.8659    32.6480          1     53.291  0.000e+00
    23.9688     36.487   41.05284  -71.54766    221.803     7.0976      8.002    15.8662    32.6476          1     53.338  0.000e+00
    23.9688     36.435   41.05284  -71.54766    221.651     7.0927      8.007    15.8664    32.6477          1     53.263  0.000e+00
    23.9687     36.455   41.05284  -71.54766    221.764     7.0964      8.002    15.8666    32.6476          1     53.291  0.000e+00
    23.9689     36.487   41.05284  -71.54766    221.759     7.0962      8.007    15.8662    32.6477          1     53.338  0.000e+00
    23.9690     36.435   41.05284  -71.54766    221.880     7.1001      8.007    15.8660    32.6478          1     53.263  0.000e+00
    23.9688     36.455   41.05284  -71.54766    221.865     7.0996      8.002    15.8660    32.6475          1     53.291  0.000e+00
    23.9688     36.435   41.05284  -71.54766    221.846     7.0990      8.007    15.8659    32.6475          1     53.263  0.000e+00
    23.9686     36.410   41.05284  -71.54766    221.821     7.0982      8.007    15.8662    32.6473          1     53.226  0.000e+00
    23.9665     36.435   41.05284  -71.54766    221.814     7.0979      8.002    15.8660    32.6446          1     53.263  0.000e+00
    23.9673     36.435   41.05284  -71.54766    221.793     7.0973      8.007    15.8665    32.6458          1     53.263  0.000e+00
    23.9683     36.455   41.05284  -71.54766    221.773     7.0966      8.002    15.8664    32.6470          1     53.291  0.000e+00
    23.9688     36.435   41.05284  -71.54766    221.751     7.0959      8.002    15.8658    32.6474          1     53.263  0.000e+00
    23.9694     36.410   41.05284  -71.54766    221.732     7.0953      8.007    15.8641    32.6477          1     53.226  0.000e+00
    23.9707     36.487   41.05284  -71.54766    221.719     7.0949      8.002    15.8607    32.6485          1     53.338  0.000e+00
    23.9711     36.435   41.05284  -71.54766    221.710     7.0946      8.002    15.8585    32.6483          1     53.263  0.000e+00
    23.9720     36.410   41.05284  -71.54766    221.563     7.0899      8.002    15.8564    32.6489          1     53.226  0.000e+00
    23.9722     36.487   41.05284  -71.54766    221.685     7.0938      8.002    15.8544    32.6485          1     53.338  0.000e+00
    23.9728     36.435   41.05284  -71.54766    221.683     7.0937      8.002    15.8520    32.6487          1     53.263  0.000e+00
    23.9743     36.455   41.05284  -71.54766    221.811     7.0978      8.007    15.8498    32.6500          1     53.291  0.000e+00
    23.9746     36.487   41.05284  -71.54766    221.679     7.0936      8.002    15.8488    32.6500          1     53.338  0.000e+00
    23.9746     36.455   41.05284  -71.54764    221.781     7.0969      8.007    15.8481    32.6499          1     53.291  0.000e+00
    23.9748     36.487   41.05284  -71.54764    221.775     7.0967      8.007    15.8476    32.6499          1     53.338  0.000e+00
    23.9752     36.487   41.05284  -71.54764    221.777     7.0968      8.007    15.8474    32.6505          1     53.338  0.000e+00
    23.9747     36.506   41.05284  -71.54764    221.776     7.0967      8.007    15.8477    32.6499          1     53.366  0.000e+00
    23.9746     36.487   41.05284  -71.54764    221.772     7.0966      8.002    15.8479    32.6499          1     53.338  0.000e+00
    23.9747     36.487   41.05284  -71.54764    221.765     7.0964      8.002    15.8481    32.6500          1     53.338  0.000e+00
    23.9745     36.551   41.05284  -71.54764    221.754     7.0960      8.007    15.8493    32.6500          1     53.432  0.000e+00
    23.9742     36.532   41.05284  -71.54764    221.876     7.0999      8.002    15.8496    32.6498          1     53.404  0.000e+00
    23.9737     36.551   41.05284  -71.54764    221.870     7.0997      8.011    15.8512    32.6496          1     53.432  0.000e+00
    23.9735     36.577   41.05284  -71.54764    221.860     7.0994      8.002    15.8530    32.6499          1     53.470  0.000e+00
    23.9725     36.577   41.05284  -71.54764    221.713     7.0947      8.007    15.8551    32.6492          1     53.470  0.000e+00
    23.9724     36.596   41.05284  -71.54764    221.706     7.0945      8.007    15.8554    32.6491          1     53.498  0.000e+00
    23.9722     36.577   41.05284  -71.54764    221.826     7.0983      8.007    15.8564    32.6492          1     53.470  0.000e+00
    23.9720     36.596   41.05284  -71.54764    221.820     7.0981      8.002    15.8583    32.6494          1     53.498  0.000e+00
    23.9712     36.622   41.05284  -71.54764    221.815     7.0980      8.002    15.8599    32.6488          1     53.535  0.000e+00
    23.9712     36.622   41.05284  -71.54764    221.948     7.1022      8.007    15.8597    32.6488          1     53.535  0.000e+00
    23.9716     36.647   41.05284  -71.54764    221.975     7.1031      8.007    15.8592    32.6492          1     53.573  0.000e+00
    23.9714     36.673   41.05284  -71.54764    221.850     7.0991      8.007    15.8592    32.6490          1     53.610  0.000e+00
    23.9711     36.692   41.05284  -71.54764    221.991     7.1036      8.002    15.8590    32.6485          1     53.638  0.000e+00
    23.9712     36.673   41.05284  -71.54764    222.008     7.1042      8.007    15.8589    32.6486          1     53.610  0.000e+00
    23.9715     36.718   41.05284  -71.54764    222.027     7.1048      8.007    15.8582    32.6488          1     53.676  0.000e+00
    23.9714     36.737   41.05284  -71.54764    222.054     7.1056      8.007    15.8582    32.6487          1     53.704  0.000e+00
    23.9717     36.718   41.05284  -71.54764    222.198     7.1102      8.007    15.8580    32.6490          1     53.676  0.000e+00
    23.9715     36.763   41.05284  -71.54764    222.088     7.1067      8.002    15.8580    32.6487          1     53.742  0.000e+00
