cruise2/ctd/proc/WFarmv0.cnv
* Sea-Bird SBE 9 Data File:
* FileName = C:\Users\Tech\Documents\DataFiles\SBE 9\2022_10_11_SamGrad\WFarm.hex
* Software Version Seasave V 7.26.7.107
* Temperature SN = 2735
* Conductivity SN = 2257
* Number of Bytes Per Scan = 44
* Number of Voltage Words = 4
* Number of Scans Averaged by the Deck Unit = 1
* NMEA Latitude = 41 03.15 N
* NMEA Longitude = 071 32.93 W
* NMEA UTC (Time) = Oct 12 2022  18:10:38
* NMEA baud rate = 4800
# nquan = 12
# nvalues = 10427                                 
# units = specified
# name 0 = sigma-t00: Density [sigma-t, kg/m^3 ]
# name 1 = depSM: Depth [salt water, m]
# name 2 = latitude: Latitude [deg]
# name 3 = longitude: Longitude [deg]
# name 4 = sbeox0Mm/L: Oxygen, SBE 43 [umol/l]
# name 5 = sbeox0Mg/L: Oxygen, SBE 43 [mg/l]
# name 6 = ph: pH
# name 7 = t090C: Temperature [ITS-90, deg C]
# name 8 = sal00: Salinity, Practical [PSU]
# name 9 = nbf: Bottles Fired
# name 10 = prDE: Pressure, Digiquartz [psi]
# name 11 = flag:  0.000e+00
# span 0 =    23.6090,    23.9825                 
# span 1 =      0.855,     36.881                 
# span 2 =   41.05242,   41.05312                 
# span 3 =  -71.54880,  -71.54690                 
# span 4 =    219.253,    270.577                 
# span 5 =     7.0160,     8.6584                 
# span 6 =      7.988,      8.144                 
# span 7 =    15.8245,    17.1581                 
# span 8 =    32.5486,    32.6577                 
# span 9 =          0,          7                 
# span 10 =      1.250,     53.914                
# span 11 = 0.0000e+00, 0.0000e+00                
# interval = seconds: 0.0416667
# start_time = Oct 12 2022 18:10:42 [System UTC, header]
# bad_flag = -9.990e-29
*END*
[from data line 9384]
    23.6104      1.138   41.05306  -71.54710    269.393     8.6205      8.125    17.1557    32.5659          4      1.663  0.000e+00
    23.6103      1.183   41.05306  -71.54710    269.417     8.6212      8.125    17.1560    32.5659          4      1.729  0.000e+00
    23.6105      1.138   41.05306  -71.54710    269.439     8.6219      8.125    17.1562    32.5662          4      1.663  0.000e+00
    23.6105      1.183   41.05306  -71.54710    269.580     8.6264      8.125    17.1562    32.5662          4      1.729  0.000e+00
    23.6104      1.189   41.05306  -71.54710    269.613     8.6275      8.125    17.1565    32.5662          4      1.738  0.000e+00
    23.6103      1.183   41.05306  -71.54710    269.634     8.6282      8.125    17.1565    32.5660          4      1.729  0.000e+00
    23.6107      1.189   41.05306  -71.54710    269.668     8.6292      8.125    17.1562    32.5665          4      1.738  0.000e+00
    23.6108      1.183   41.05306  -71.54710    269.672     8.6294      8.125    17.1564    32.5667          4      1.729  0.000e+00
    23.6109      1.189   41.05306  -71.54710    269.677     8.6295      8.125    17.1561    32.5667          4      1.738  0.000e+00
    23.6109      1.234   41.05306  -71.54710    269.681     8.6297      8.125    17.1560    32.5667          4      1.804  0.000e+00
    23.6108      1.189   41.05306  -71.54710    269.822     8.6342      8.125    17.1557    32.5665          4      1.738  0.000e+00
    23.6113      1.183   41.05306  -71.54710    269.836     8.6346      8.125    17.1548    32.5668          4      1.729  0.000e+00
    23.6113      1.234   41.05306  -71.54710    269.730     8.6312      8.125    17.1548    32.5667          4      1.804  0.000e+00
    23.6113      1.234   41.05306  -71.54710    269.866     8.6356      8.125    17.1545    32.5668          4      1.804  0.000e+00
    23.6116      1.234   41.05306  -71.54710    269.869     8.6357      8.125    17.1545    32.5671          4      1.804  0.000e+00
    23.6117      1.234   41.05308  -71.54708    269.871     8.6357      8.125    17.1543    32.5672          4      1.804  0.000e+00
    23.6118      1.234   41.05308  -71.54708    269.868     8.6357      8.125    17.1544    32.5673          4      1.804  0.000e+00
    23.6119      1.234   41.05308  -71.54708    270.005     8.6400      8.125    17.1545    32.5675          4      1.804  0.000e+00
    23.6117      1.234   41.05308  -71.54708    269.893     8.6365      8.125    17.1548    32.5673          4      1.804  0.000e+00
    23.6115      1.279   41.05308  -71.54708    269.898     8.6366      8.125    17.1550    32.5671          4      1.870  0.000e+00
    23.6114      1.234   41.05308  -71.54708    269.913     8.6371      8.125    17.1548    32.5669          4      1.804  0.000e+00
    23.6111      1.234   41.05308  -71.54708    269.913     8.6371      8.125    17.1549    32.5666          4      1.804  0.000e+00
    23.6113      1.279   41.05308  -71.54708    269.913     8.6371      8.125    17.1548    32.5669          4      1.870  0.000e+00
    23.6113      1.234   41.05308  -71.54708    269.921     8.6374      8.125    17.1548    32.5668          4      1.804  0.000e+00
    23.6111      1.279   41.05308  -71.54708    269.933     8.6377      8.125    17.1545    32.5665          4      1.870  0.000e+00
    23.6117      1.279   41.05308  -71.54708    269.811     8.6338      8.125    17.1543    32.5672          4      1.870  0.000e+00
    23.6116      1.234   41.05308  -71.54708    269.790     8.6332      8.125    17.1541    32.5671          4      1.804  0.000e+00
    23.6114      1.279   41.05308  -71.54708    269.654     8.6288      8.125    17.1543    32.5668          4      1.870  0.000e+00
    23.6112      1.279   41.05308  -71.54708    269.747     8.6318      8.125    17.1545    32.5666          4      1.870  0.000e+00
    23.6112      1.279   41.05308  -71.54708    269.607     8.6273      8.125    17.1548    32.5666          4      1.870  0.000e+00
    23.6112      1.279   41.05308  -71.54708    269.571     8.6262      8.125    17.1547    32.5666          4      1.870  0.000e+00
    23.6110      1.279   41.05308  -71.54708    269.546     8.6254      8.125    17.1548    32.5664          4      1.870  0.000e+00
    23.6112      1.331   41.05308  -71.54708    269.395     8.6205      8.125    17.1547    32.5666          4      1.945  0.000e+00
    23.6114      1.279   41.05308  -71.54708    269.228     8.6152      8.125    17.1544    32.5668          4      1.870  0.000e+00
    23.6112      1.279   41.05308  -71.54708    269.039     8.6091      8.125    17.1543    32.5665          4      1.870  0.000e+00
    23.6115      1.279   41.05308  -71.54708    268.979     8.6072      8.125    17.1541    32.5668          4      1.870  0.000e+00
    23.6115      1.331   41.05308  -71.54708    268.781     8.6009      8.125    17.1540    32.5668          4      1.945  0.000e+00
    23.6116      1.234   41.05308  -71.54708    268.710     8.5986      8.125    17.1534    32.5668          4      1.804  0.000e+00
    23.6118      1.324   41.05308  -71.54708    268.516     8.5924      8.125    17.1531    32.5670          4      1.936  0.000e+00
    23.6117      1.279   41.05308  -71.54708    268.435     8.5898      8.125    17.1531    32.5668          4      1.870  0.000e+00
    23.6120      1.324   41.05308  -71.54708    268.232     8.5833      8.125    17.1528    32.5671          4      1.936  0.000e+00
    23.6120      1.279   41.05308  -71.54708    268.144     8.5805      8.125    17.1525    32.5670          4      1.870  0.000e+00
    23.6122      1.279   41.05308  -71.54708    268.059     8.5778      8.125    17.1524    32.5672          4      1.870  0.000e+00
    23.6122      1.331   41.05308  -71.54708    267.980     8.5752      8.125    17.1523    32.5672          4      1.945  0.000e+00
    23.6122      1.279   41.05308  -71.54708    267.909     8.5730      8.125    17.1524    32.5673          4      1.870  0.000e+00
    23.6121      1.279   41.05308  -71.54708    267.707     8.5665      8.125    17.1520    32.5670          4      1.870  0.000e+00
    23.6120      1.279   41.05308  -71.54708    267.634     8.5642      8.125    17.1521    32.5669          4      1.870  0.000e+00
    23.6122      1.279   41.05308  -71.54708    267.553     8.5616      8.125    17.1517    32.5671          4      1.870  0.000e+00
    23.6124      1.279   41.05308  -71.54708    267.612     8.5635      8.125    17.1521    32.5674          4      1.870  0.000e+00
    23.6121      1.331   41.05308  -71.54708    267.563     8.5619      8.125    17.1522    32.5670          4      1.945  0.000e+00
    23.6119      1.279   41.05308  -71.54708    267.384     8.5562      8.125    17.1523    32.5668          4      1.870  0.000e+00
    23.6122      1.279   41.05308  -71.54708    267.454     8.5584      8.125    17.1524    32.5673          4      1.870  0.000e+00
    23.6120      1.279   41.05308  -71.54708    267.296     8.5533      8.125    17.1528    32.5671          4      1.870  0.000e+00
    23.6120      1.279   41.05308  -71.54708    267.259     8.5522      8.125    17.1527    32.5671          4      1.870  0.000e+00
    23.6117      1.234   41.05308  -71.54708    267.351     8.5551      8.125    17.1531    32.5668          4      1.804  0.000e+00
    23.6120      1.279   41.05308  -71.54708    267.335     8.5546      8.125    17.1531    32.5673          4      1.870  0.000e+00
    23.6120      1.279   41.05308  -71.54708    267.321     8.5541      8.125    17.1533    32.5673          4      1.870  0.000e+00
    23.6121      1.234   41.05308  -71.54708    267.437     8.5579      8.125    17.1534    32.5674          4      1.804  0.000e+00
    23.6118      1.279   41.05308  -71.54708    267.315     8.5540      8.125    17.1536    32.5671          4      1.870  0.000e+00
    23.6119      1.234   41.05308  -71.54708    267.324     8.5542      8.125    17.1535    32.5672          4      1.804  0.000e+00
    23.6116      1.279   41.05308  -71.54708    267.341     8.5548      8.125    17.1533    32.5668          4      1.870  0.000e+00
    23.6114      1.234   41.05308  -71.54708    267.471     8.5589      8.125    17.1537    32.5666          4      1.804  0.000e+00
    23.6113      1.234   41.05308  -71.54708    267.504     8.5600      8.125    17.1538    32.5666          4      1.804  0.000e+00
    23.6113      1.234   41.05308  -71.54708    267.669     8.5653      8.125    17.1538    32.5666          4      1.804  0.000e+00
    23.6114      1.234   41.05308  -71.54708    267.719     8.5669      8.125    17.1541    32.5668          4      1.804  0.000e+00
    23.6117      1.234   41.05308  -71.54708    267.775     8.5687      8.125    17.1540    32.5671          4      1.804  0.000e+00
    23.6111      1.234   41.05308  -71.54708    267.845     8.5709      8.125    17.1543    32.5663          4      1.804  0.000e+00
    23.6114      1.190   41.05308  -71.54708    267.907     8.5729      8.125    17.1540    32.5667          4      1.739  0.000e+00
    23.6115      1.234   41.05308  -71.54708    268.102     8.5791      8.125    17.1540    32.5668          4      1.804  0.000e+00
    23.6113      1.190   41.05308  -71.54708    268.182     8.5817      8.125    17.1538    32.5664          4      1.739  0.000e+00
    23.6115      1.234   41.05308  -71.54708    268.394     8.5885      8.125    17.1537    32.5668          4      1.804  0.000e+00
    23.6116      1.190   41.05308  -71.54708    268.489     8.5915      8.125    17.1536    32.5669          4      1.739  0.000e+00
    23.6115      1.183   41.05308  -71.54708    268.590     8.5948      8.125    17.1533    32.5665          4      1.729  0.000e+00
    23.6119      1.190   41.05308  -71.54708    268.694     8.5981      8.125    17.1528    32.5670          4      1.739  0.000e+00
    23.6123      1.183   41.05308  -71.54708    268.914     8.6051      8.125    17.1524    32.5674          4      1.729  0.000e+00
    23.6123      1.138   41.05308  -71.54708    269.016     8.6084      8.125    17.1523    32.5673          4      1.664  0.000e+00
    23.6122      1.183   41.05308  -71.54708    269.111     8.6114      8.125    17.1521    32.5671          4      1.729  0.000e+00
    23.6123      1.138   41.05308  -71.54708    269.341     8.6188      8.125    17.1523    32.5673          4      1.664  0.000e+00
    23.6124      1.183   41.05308  -71.54708    269.448     8.6222      8.125    17.1522    32.5674          4      1.729  0.000e+00
    23.6120      1.190   41.05308  -71.54708    269.424     8.6215      8.125    17.1524    32.5670          4      1.739  0.000e+00
    23.6121      1.093   41.05308  -71.54708    269.642     8.6284      8.125    17.1524    32.5671          4      1.598  0.000e+00
    23.6117      1.183   41.05308  -71.54708    269.866     8.6356      8.125    17.1526    32.5667          4      1.729  0.000e+00
    23.6116      1.138   41.05308  -71.54708    269.955     8.6385      8.125    17.1527    32.5665          4      1.664  0.000e+00
    23.6114      1.138   41.05308  -71.54708    270.031     8.6409      8.125    17.1529    32.5664          4      1.664  0.000e+00
    23.6112      1.138   41.05308  -71.54708    270.105     8.6432      8.125    17.1531    32.5662          4      1.664  0.000e+00
    23.6116      1.138   41.05308  -71.54708    270.166     8.6452      8.125    17.1529    32.5666          4      1.664  0.000e+00
    23.6115      1.138   41.05308  -71.54708    270.222     8.6470      8.125    17.1531    32.5666          4      1.664  0.000e+00
    23.6118      1.138   41.05308  -71.54708    270.266     8.6484      8.125    17.1528    32.5668          4      1.664  0.000e+00
    23.6118      1.138   41.05308  -71.54708    270.306     8.6497      8.125    17.1526    32.5667          4      1.664  0.000e+00
    23.6118      1.138   41.05308  -71.54708    270.458     8.6545      8.125    17.1524    32.5668          4      1.664  0.000e+00
    23.6122      1.138   41.05308  -71.54708    270.491     8.6556      8.125    17.1520    32.5671          4      1.664  0.000e+00
    23.6126      1.138   41.05308  -71.54708    270.520     8.6565      8.125    17.1515    32.5675          4      1.664  0.000e+00
    23.6123      1.138   41.05308  -71.54708    270.412     8.6531      8.125    17.1521    32.5673          4      1.664  0.000e+00
    23.6120      1.138   41.05308  -71.54708    270.547     8.6574      8.125    17.1523    32.5670          4      1.664  0.000e+00
    23.6123      1.190   41.05308  -71.54708    270.553     8.6576      8.125    17.1520    32.5673          4      1.739  0.000e+00
    23.6120      1.138   41.05308  -71.54708    270.549     8.6574      8.125    17.1521    32.5669          4      1.664  0.000e+00
    23.6125      1.190   41.05308  -71.54708    270.545     8.6573      8.125    17.1517    32.5674          4      1.739  0.000e+00
    23.6124      1.138   41.05308  -71.54708    270.546     8.6574      8.125    17.1515    32.5673          4      1.664  0.000e+00
    23.6125      1.138   41.05308  -71.54708    270.544     8.6573      8.125    17.1515    32.5674          4      1.664  0.000e+00
    23.6128      1.183   41.05308  -71.54708    270.525     8.6567      8.125    17.1515    32.5677          4      1.730  0.000e+00
    23.6123      1.190   41.05308  -71.54708    270.513     8.6563      8.125    17.1519    32.5672          4      1.739  0.000e+00
    23.6124      1.138   41.05308  -71.54708    270.482     8.6553      8.125    17.1519    32.5674          4      1.664  0.000e+00
    23.6124      1.138   41.05308  -71.54708    270.577     8.6584      8.125    17.1520    32.5674          4      1.664  0.000e+00
    23.6124      1.183   41.05308  -71.54708    270.565     8.6579      8.125    17.1523    32.5674          4      1.730  0.000e+00
    23.6121      1.190   41.05308  -71.54708    270.547     8.6574      8.125    17.1524    32.5671          4      1.739  0.000e+00
    23.6121      1.138   41.05308  -71.54708    270.394     8.6525      8.125    17.1526    32.5671          4      1.664  0.000e+00
    23.6119      1.190   41.05308  -71.54708    270.370     8.6517      8.125    17.1527    32.5669          4      1.739  0.000e+00
    23.6120      1.183   41.05308  -71.54708    270.329     8.6504      8.125    17.1524    32.5670          4      1.730  0.000e+00
    23.6121      1.190   41.05308  -71.54708    270.410     8.6530      8.130    17.1526    32.5671          4      1.739  0.000e+00
    23.6118      1.138   41.05308  -71.54708    270.242     8.6476      8.130    17.1526    32.5668          4      1.664  0.000e+00
    23.6119      1.190   41.05308  -71.54708    270.330     8.6505      8.125    17.1525    32.5669          4      1.739  0.000e+00
    23.6119      1.183   41.05308  -71.54708    270.296     8.6494      8.125    17.1526    32.5669          5      1.730  0.000e+00
    23.6125      1.190   41.05308  -71.54708    270.272     8.6486      8.130    17.1523    32.5676          5      1.739  0.000e+00
    23.6120      1.183   41.05308  -71.54708    270.115     8.6436      8.125    17.1524    32.5670          5      1.730  0.000e+00
    23.6122      1.190   41.05308  -71.54708    270.199     8.6463      8.125    17.1524    32.5672          5      1.739  0.000e+00
    23.6122      1.183   41.05308  -71.54708    270.034     8.6410      8.121    17.1526    32.5672          5      1.730  0.000e+00
    23.6121      1.190   41.05308  -71.54708    269.985     8.6394      8.125    17.1524    32.5672          5      1.739  0.000e+00
    23.6120      1.190   41.05308  -71.54708    269.942     8.6380      8.125    17.1528    32.5670          5      1.739  0.000e+00
    23.6118      1.235   41.05308  -71.54708    269.900     8.6367      8.125    17.1527    32.5669          5      1.805  0.000e+00
