cruise2/ctd/proc/WFarmv0.cnv
* Sea-Bird SBE 9 Data File:
* FileName = C:\Users\Tech\Documents\DataFiles\SBE 9\2022_10_11_SamGrad\WFarm.hex
* Software Version Seasave V 7.26.7.107
* Temperature SN = 2735
* Conductivity SN = 2257
* Number of Bytes Per Scan = 44
* Number of Voltage Words = 4
* Number of Scans Averaged by the Deck Unit = 1
* NMEA Latitude = 41 03.15 N
* NMEA Longitude = 071 32.93 W
* NMEA UTC (Time) = Oct 12 2022  18:10:38
* NMEA baud rate = 4800
# nquan = 12
# nvalues = 10427                                 
# units = specified
# name 0 = sigma-t00: Density [sigma-t, kg/m^3 ]
# name 1 = depSM: Depth [salt water, m]
# name 2 = latitude: Latitude [deg]
# name 3 = longitude: Longitude [deg]
# name 4 = sbeox0Mm/L: Oxygen, SBE 43 [umol/l]
# name 5 = sbeox0Mg/L: Oxygen, SBE 43 [mg/l]
# name 6 = ph: pH
# name 7 = t090C: Temperature [ITS-90, deg C]
# name 8 = sal00: Salinity, Practical [PSU]
# name 9 = nbf: Bottles Fired
# name 10 = prDE: Pressure, Digiquartz [psi]
# name 11 = flag:  0.000e+00
# span 0 =    23.6090,    23.9825                 
# span 1 =      0.855,     36.881                 
# span 2 =   41.05242,   41.05312                 
# span 3 =  -71.54880,  -71.54690                 
# span 4 =    219.253,    270.577                 
# span 5 =     7.0160,     8.6584                 
# span 6 =      7.988,      8.144                 
# span 7 =    15.8245,    17.1581                 
# span 8 =    32.5486,    32.6577                 
# span 9 =          0,          7                 
# span 10 =      1.250,     53.914                
# span 11 = 0.0000e+00, 0.0000e+00                
# interval = seconds: 0.0416667
# start_time = Oct 12 2022 18:10:42 [System UTC, header]
# bad_flag = -9.990e-29
*END*
[from data line 1324]
    23.8965     22.870   41.05250  -71.54854    242.436     7.7578      8.056    16.1569    32.6385          0     33.431  0.000e+00
    23.9002     22.915   41.05250  -71.54854    242.067     7.7460      8.056    16.1477    32.6406          0     33.497  0.000e+00
    23.9035     22.915   41.05250  -71.54854    241.815     7.7380      8.056    16.1400    32.6427          0     33.497  0.000e+00
    23.9054     23.011   41.05250  -71.54854    241.433     7.7258      8.047    16.1343    32.6434          0     33.637  0.000e+00
    23.9071     23.011   41.05250  -71.54854    241.171     7.7174      8.056    16.1299    32.6444          0     33.637  0.000e+00
    23.9081     23.056   41.05250  -71.54854    240.768     7.7045      8.052    16.1266    32.6448          0     33.703  0.000e+00
    23.9088     23.133   41.05250  -71.54854    240.362     7.6915      8.052    16.1239    32.6449          0     33.816  0.000e+00
    23.9094     23.152   41.05250  -71.54854    240.066     7.6820      8.052    16.1219    32.6450          0     33.844  0.000e+00
    23.9097     23.152   41.05250  -71.54854    239.647     7.6686      8.052    16.1205    32.6450          0     33.844  0.000e+00
    23.9099     23.242   41.05250  -71.54854    239.228     7.6552      8.052    16.1195    32.6449          0     33.975  0.000e+00
    23.9100     23.293   41.05250  -71.54854    238.791     7.6412      8.052    16.1191    32.6450          0     34.050  0.000e+00
    23.9099     23.338   41.05250  -71.54854    238.355     7.6272      8.052    16.1188    32.6448          0     34.116  0.000e+00
    23.9102     23.338   41.05250  -71.54854    238.053     7.6176      8.052    16.1181    32.6450          0     34.116  0.000e+00
    23.9104     23.383   41.05250  -71.54854    237.635     7.6042      8.052    16.1178    32.6452          0     34.181  0.000e+00
    23.9100     23.434   41.05250  -71.54854    237.207     7.5905      8.052    16.1176    32.6446          0     34.256  0.000e+00
    23.9101     23.479   41.05250  -71.54854    236.917     7.5812      8.052    16.1171    32.6445          0     34.322  0.000e+00
    23.9101     23.524   41.05250  -71.54854    236.365     7.5636      8.047    16.1169    32.6446          0     34.388  0.000e+00
    23.9101     23.576   41.05250  -71.54854    235.937     7.5499      8.047    16.1169    32.6445          0     34.463  0.000e+00
    23.9102     23.621   41.05250  -71.54854    235.635     7.5402      8.047    16.1169    32.6446          0     34.528  0.000e+00
    23.9099     23.621   41.05250  -71.54854    235.220     7.5270      8.047    16.1167    32.6442          0     34.528  0.000e+00
    23.9096     23.717   41.05250  -71.54854    234.817     7.5140      8.047    16.1167    32.6438          0     34.669  0.000e+00
    23.9099     23.717   41.05250  -71.54854    234.539     7.5051      8.047    16.1164    32.6440          0     34.669  0.000e+00
    23.9096     23.807   41.05250  -71.54854    234.022     7.4886      8.047    16.1162    32.6436          0     34.800  0.000e+00
    23.9098     23.807   41.05250  -71.54854    233.765     7.4804      8.047    16.1157    32.6438          0     34.800  0.000e+00
    23.9096     23.858   41.05250  -71.54854    233.375     7.4679      8.047    16.1154    32.6434          0     34.876  0.000e+00
    23.9091     23.884   41.05250  -71.54854    232.994     7.4557      8.047    16.1154    32.6427          0     34.913  0.000e+00
    23.9097     23.948   41.05250  -71.54854    232.613     7.4435      8.047    16.1150    32.6435          0     35.007  0.000e+00
    23.9095     23.993   41.05250  -71.54854    232.363     7.4355      8.042    16.1150    32.6432          0     35.073  0.000e+00
    23.9097     23.993   41.05250  -71.54854    232.004     7.4240      8.047    16.1152    32.6435          0     35.073  0.000e+00
    23.9096     24.044   41.05250  -71.54854    231.782     7.4169      8.047    16.1150    32.6432          0     35.148  0.000e+00
    23.9093     24.134   41.05250  -71.54854    231.455     7.4065      8.047    16.1152    32.6429          0     35.279  0.000e+00
    23.9094     24.134   41.05250  -71.54854    231.128     7.3960      8.047    16.1150    32.6431          0     35.279  0.000e+00
    23.9091     24.185   41.05250  -71.54854    230.923     7.3894      8.047    16.1152    32.6426          0     35.354  0.000e+00
    23.9087     24.230   41.05250  -71.54854    230.615     7.3796      8.047    16.1150    32.6421          0     35.420  0.000e+00
    23.9084     24.275   41.05250  -71.54854    230.311     7.3699      8.042    16.1147    32.6417          0     35.485  0.000e+00
    23.9091     24.275   41.05250  -71.54852    230.157     7.3649      8.047    16.1136    32.6422          0     35.485  0.000e+00
    23.9088     24.326   41.05250  -71.54852    229.887     7.3563      8.047    16.1133    32.6417          0     35.560  0.000e+00
    23.9090     24.416   41.05250  -71.54852    229.874     7.3559      8.047    16.1126    32.6418          0     35.692  0.000e+00
    23.9086     24.416   41.05250  -71.54852    229.621     7.3478      8.047    16.1130    32.6414          0     35.692  0.000e+00
    23.9089     24.448   41.05250  -71.54852    229.506     7.3441      8.042    16.1126    32.6417          0     35.738  0.000e+00
    23.9090     24.467   41.05250  -71.54852    229.262     7.3363      8.042    16.1125    32.6418          0     35.767  0.000e+00
    23.9090     24.557   41.05250  -71.54852    229.023     7.3286      8.047    16.1123    32.6417          0     35.898  0.000e+00
    23.9090     24.557   41.05250  -71.54852    228.916     7.3252      8.042    16.1126    32.6418          0     35.898  0.000e+00
    23.9090     24.609   41.05250  -71.54852    228.696     7.3182      8.047    16.1131    32.6420          0     35.973  0.000e+00
    23.9089     24.654   41.05250  -71.54852    228.719     7.3189      8.047    16.1133    32.6418          0     36.039  0.000e+00
    23.9084     24.698   41.05250  -71.54852    228.654     7.3168      8.047    16.1133    32.6412          0     36.104  0.000e+00
    23.9084     24.698   41.05250  -71.54852    228.596     7.3150      8.047    16.1123    32.6409          0     36.104  0.000e+00
    23.9084     24.750   41.05250  -71.54852    228.556     7.3137      8.047    16.1114    32.6406          0     36.179  0.000e+00
    23.9084     24.795   41.05250  -71.54852    228.517     7.3124      8.042    16.1107    32.6404          0     36.245  0.000e+00
    23.9087     24.795   41.05250  -71.54852    228.348     7.3070      8.047    16.1097    32.6406          0     36.245  0.000e+00
    23.9088     24.891   41.05250  -71.54852    228.298     7.3054      8.047    16.1097    32.6407          0     36.386  0.000e+00
    23.9086     24.872   41.05250  -71.54852    228.261     7.3043      8.047    16.1096    32.6404          0     36.358  0.000e+00
    23.9087     24.936   41.05250  -71.54852    228.230     7.3033      8.047    16.1090    32.6404          0     36.451  0.000e+00
    23.9091     24.936   41.05250  -71.54852    228.209     7.3026      8.038    16.1090    32.6409          0     36.451  0.000e+00
    23.9092     24.981   41.05250  -71.54852    228.059     7.2978      8.047    16.1090    32.6410          0     36.517  0.000e+00
    23.9088     25.026   41.05250  -71.54852    228.158     7.3009      8.042    16.1099    32.6407          0     36.583  0.000e+00
    23.9089     25.077   41.05250  -71.54852    228.155     7.3009      8.042    16.1097    32.6408          0     36.658  0.000e+00
    23.9089     25.077   41.05250  -71.54852    228.152     7.3008      8.042    16.1096    32.6408          0     36.658  0.000e+00
    23.9089     25.122   41.05250  -71.54852    228.147     7.3006      8.047    16.1097    32.6408          0     36.723  0.000e+00
    23.9087     25.167   41.05250  -71.54852    228.143     7.3005      8.047    16.1097    32.6405          0     36.789  0.000e+00
    23.9086     25.167   41.05250  -71.54852    228.138     7.3003      8.042    16.1094    32.6403          0     36.789  0.000e+00
    23.9083     25.218   41.05250  -71.54852    228.143     7.3005      8.042    16.1094    32.6400          0     36.864  0.000e+00
    23.9087     25.244   41.05250  -71.54852    228.278     7.3048      8.047    16.1092    32.6404          0     36.902  0.000e+00
    23.9085     25.308   41.05250  -71.54852    228.292     7.3053      8.042    16.1092    32.6401          0     36.995  0.000e+00
    23.9084     25.308   41.05250  -71.54852    228.446     7.3102      8.042    16.1094    32.6401          0     36.995  0.000e+00
    23.9085     25.359   41.05250  -71.54852    228.466     7.3108      8.047    16.1090    32.6401          0     37.070  0.000e+00
    23.9081     25.359   41.05250  -71.54852    228.478     7.3112      8.042    16.1090    32.6396          0     37.070  0.000e+00
    23.9081     25.449   41.05250  -71.54852    228.631     7.3161      8.042    16.1090    32.6395          0     37.202  0.000e+00
    23.9081     25.449   41.05250  -71.54852    228.657     7.3169      8.042    16.1090    32.6395          0     37.202  0.000e+00
    23.9085     25.449   41.05250  -71.54852    228.808     7.3217      8.042    16.1089    32.6401          0     37.202  0.000e+00
    23.9083     25.545   41.05250  -71.54852    228.846     7.3230      8.042    16.1092    32.6400          0     37.342  0.000e+00
    23.9082     25.545   41.05250  -71.54852    228.993     7.3277      8.047    16.1094    32.6399          0     37.342  0.000e+00
    23.9080     25.571   41.05250  -71.54852    229.158     7.3329      8.052    16.1096    32.6396          0     37.380  0.000e+00
    23.9077     25.590   41.05250  -71.54852    229.325     7.3383      8.042    16.1097    32.6392          0     37.408  0.000e+00
    23.9080     25.642   41.05250  -71.54852    229.363     7.3395      8.042    16.1097    32.6397          0     37.483  0.000e+00
    23.9077     25.732   41.05250  -71.54852    229.523     7.3446      8.042    16.1097    32.6393          0     37.615  0.000e+00
    23.9080     25.687   41.05250  -71.54852    229.561     7.3458      8.042    16.1095    32.6396          0     37.549  0.000e+00
    23.9081     25.732   41.05250  -71.54852    229.850     7.3551      8.042    16.1097    32.6397          0     37.615  0.000e+00
    23.9080     25.828   41.05250  -71.54852    230.036     7.3610      8.042    16.1097    32.6397          0     37.755  0.000e+00
    23.9079     25.783   41.05250  -71.54852    230.082     7.3625      8.042    16.1099    32.6396          0     37.690  0.000e+00
    23.9077     25.873   41.05250  -71.54852    230.250     7.3679      8.042    16.1097    32.6393          0     37.821  0.000e+00
    23.9078     25.853   41.05250  -71.54852    230.427     7.3736      8.042    16.1092    32.6393          0     37.793  0.000e+00
    23.9078     25.924   41.05250  -71.54852    230.470     7.3749      8.042    16.1087    32.6391          0     37.896  0.000e+00
    23.9081     25.969   41.05250  -71.54852    230.495     7.3758      8.042    16.1077    32.6391          0     37.962  0.000e+00
    23.9078     25.969   41.05250  -71.54852    230.776     7.3847      8.042    16.1075    32.6387          0     37.962  0.000e+00
    23.9078     26.014   41.05250  -71.54852    230.800     7.3855      8.042    16.1072    32.6387          0     38.027  0.000e+00
    23.9078     26.059   41.05250  -71.54852    230.962     7.3907      8.042    16.1072    32.6386          0     38.093  0.000e+00
    23.9082     26.110   41.05250  -71.54852    231.251     7.3999      8.047    16.1067    32.6390          0     38.168  0.000e+00
    23.9081     26.110   41.05250  -71.54852    231.425     7.4055      8.042    16.1063    32.6388          0     38.168  0.000e+00
    23.9080     26.155   41.05250  -71.54852    231.589     7.4107      8.042    16.1063    32.6386          0     38.234  0.000e+00
    23.9080     26.181   41.05250  -71.54852    231.742     7.4156      8.047    16.1063    32.6386          0     38.271  0.000e+00
    23.9078     26.200   41.05250  -71.54852    231.766     7.4164      8.052    16.1060    32.6383          0     38.299  0.000e+00
    23.9081     26.296   41.05250  -71.54852    231.899     7.4206      8.038    16.1058    32.6386          0     38.440  0.000e+00
    23.9080     26.251   41.05250  -71.54852    231.908     7.4210      8.042    16.1060    32.6385          0     38.374  0.000e+00
    23.9078     26.341   41.05250  -71.54852    232.047     7.4254      8.042    16.1054    32.6382          0     38.506  0.000e+00
    23.9081     26.392   41.05250  -71.54852    232.183     7.4297      8.042    16.1051    32.6385          0     38.581  0.000e+00
    23.9081     26.392   41.05250  -71.54852    232.318     7.4341      8.042    16.1049    32.6384          0     38.581  0.000e+00
    23.9081     26.437   41.05250  -71.54852    232.453     7.4384      8.042    16.1049    32.6384          0     38.646  0.000e+00
    23.9081     26.463   41.05250  -71.54852    232.574     7.4423      8.042    16.1049    32.6384          0     38.684  0.000e+00
    23.9080     26.482   41.05250  -71.54852    232.559     7.4418      8.042    16.1053    32.6383          0     38.712  0.000e+00
    23.9078     26.534   41.05250  -71.54852    232.531     7.4409      8.042    16.1053    32.6381          0     38.787  0.000e+00
    23.9078     26.578   41.05250  -71.54852    232.620     7.4437      8.042    16.1054    32.6382          0     38.853  0.000e+00
    23.9078     26.623   41.05250  -71.54852    232.840     7.4508      8.042    16.1053    32.6381          0     38.918  0.000e+00
    23.9080     26.623   41.05250  -71.54852    232.923     7.4534      8.042    16.1051    32.6383          0     38.918  0.000e+00
    23.9080     26.720   41.05250  -71.54852    232.884     7.4522      8.042    16.1052    32.6383          0     39.059  0.000e+00
    23.9079     26.700   41.05250  -71.54852    232.959     7.4546      8.042    16.1051    32.6382          0     39.031  0.000e+00
    23.9077     26.765   41.05250  -71.54852    232.898     7.4526      8.042    16.1053    32.6380          0     39.125  0.000e+00
    23.9080     26.816   41.05250  -71.54850    232.821     7.4502      8.042    16.1048    32.6382          0     39.200  0.000e+00
    23.9079     26.816   41.05250  -71.54850    232.856     7.4513      8.042    16.1048    32.6381          0     39.200  0.000e+00
    23.9082     26.861   41.05250  -71.54850    232.888     7.4523      8.042    16.1045    32.6383          0     39.265  0.000e+00
    23.9080     26.906   41.05250  -71.54850    232.913     7.4531      8.042    16.1045    32.6381          0     39.331  0.000e+00
    23.9083     26.906   41.05250  -71.54850    232.813     7.4499      8.042    16.1043    32.6384          0     39.331  0.000e+00
    23.9080     26.957   41.05250  -71.54850    232.827     7.4504      8.042    16.1045    32.6381          0     39.406  0.000e+00
    23.9080     27.073   41.05250  -71.54850    232.852     7.4512      8.042    16.1043    32.6381          0     39.575  0.000e+00
    23.9077     27.047   41.05250  -71.54850    232.863     7.4515      8.042    16.1048    32.6379          0     39.538  0.000e+00
    23.9084     27.047   41.05250  -71.54850    232.606     7.4433      8.038    16.1046    32.6386          0     39.538  0.000e+00
    23.9079     27.143   41.05250  -71.54850    232.730     7.4473      8.047    16.1048    32.6381          0     39.678  0.000e+00
    23.9078     27.143   41.05250  -71.54850    232.593     7.4429      8.038    16.1049    32.6380          0     39.678  0.000e+00
    23.9077     27.188   41.05250  -71.54850    232.452     7.4384      8.042    16.1048    32.6378          0     39.744  0.000e+00
