cruise2/ctd/proc/WFv0.cnv
* Sea-Bird SBE 9 Data File:
* FileName = C:\Users\Tech\Documents\DataFiles\SBE 9\WF.hex
* Software Version Seasave V 7.26.7.107
* Temperature SN = 2735
* Conductivity SN = 2257
* Number of Bytes Per Scan = 44
* Number of Voltage Words = 4
* Number of Scans Averaged by the Deck Unit = 1
* NMEA Latitude = 41 03.17 N
* NMEA Longitude = 071 33.27 W
* NMEA UTC (Time) = Oct 11 2022  14:33:26
* NMEA baud rate = 4800
# nquan = 12
# nvalues = 16553                                 
# units = specified
# name 0 = sigma-t00: Density [sigma-t, kg/m^3 ]
# name 1 = depSM: Depth [salt water, m]
# name 2 = latitude: Latitude [deg]
# name 3 = longitude: Longitude [deg]
# name 4 = sbeox0Mm/L: Oxygen, SBE 43 [umol/l]
# name 5 = sbeox0Mg/L: Oxygen, SBE 43 [mg/l]
# name 6 = ph: pH
# name 7 = t090C: Temperature [ITS-90, deg C]
# name 8 = sal00: Salinity, Practical [PSU]
# name 9 = nbf: Bottles Fired
# name 10 = prDE: Pressure, Digiquartz [psi]
# name 11 = flag:  0.000e+00
# span 0 =    23.6461,    24.0018                 
# span 1 =      1.074,     35.287                 
# span 2 =   41.05270,   41.05278                 
# span 3 =  -71.55448,  -71.55420                 
# span 4 =    221.799,    260.863                 
# span 5 =     7.0975,     8.3475                 
# span 6 =      8.002,      8.136                 
# span 7 =    15.7262,    16.7663                 
# span 8 =    32.4922,    32.6499                 
# span 9 =          0,          7                 
# span 10 =      1.570,     51.584                
# span 11 = 0.0000e+00, 0.0000e+00                
# interval = seconds: 0.0416667
# start_time = Oct 11 2022 14:33:28 [System UTC, header]
# bad_flag = -9.990e-29
*END*
[from data line 11910]
    23.7400     23.499   41.05274  -71.55426    242.028     7.7448      8.073    16.5271    32.5445          4     34.350  0.000e+00
    23.7398     23.544   41.05274  -71.55426    242.071     7.7462      8.068    16.5271    32.5444          4     34.416  0.000e+00
    23.7405     23.499   41.05274  -71.55426    242.127     7.7479      8.068    16.5266    32.5450          4     34.350  0.000e+00
    23.7401     23.544   41.05274  -71.55426    242.184     7.7498      8.073    16.5268    32.5445          4     34.416  0.000e+00
    23.7400     23.499   41.05274  -71.55426    242.226     7.7511      8.068    16.5269    32.5445          4     34.350  0.000e+00
    23.7403     23.544   41.05274  -71.55426    242.274     7.7526      8.073    16.5266    32.5448          4     34.416  0.000e+00
    23.7403     23.544   41.05274  -71.55426    242.305     7.7537      8.068    16.5266    32.5448          4     34.416  0.000e+00
    23.7405     23.544   41.05274  -71.55426    242.469     7.7589      8.068    16.5264    32.5449          4     34.416  0.000e+00
    23.7406     23.544   41.05274  -71.55426    242.513     7.7603      8.073    16.5264    32.5451          4     34.416  0.000e+00
    23.7406     23.499   41.05274  -71.55426    242.556     7.7617      8.068    16.5262    32.5450          4     34.350  0.000e+00
    23.7403     23.543   41.05274  -71.55426    242.732     7.7673      8.059    16.5263    32.5447          4     34.416  0.000e+00
    23.7404     23.543   41.05274  -71.55426    242.642     7.7644      8.068    16.5262    32.5448          4     34.416  0.000e+00
    23.7403     23.543   41.05274  -71.55426    242.657     7.7649      8.068    16.5261    32.5447          4     34.416  0.000e+00
    23.7405     23.543   41.05274  -71.55426    242.668     7.7653      8.068    16.5262    32.5450          4     34.416  0.000e+00
    23.7408     23.543   41.05274  -71.55426    242.811     7.7698      8.073    16.5259    32.5453          4     34.416  0.000e+00
    23.7406     23.595   41.05274  -71.55426    242.834     7.7706      8.068    16.5260    32.5450          4     34.491  0.000e+00
    23.7405     23.543   41.05274  -71.55426    242.865     7.7716      8.068    16.5261    32.5449          4     34.416  0.000e+00
    23.7407     23.543   41.05274  -71.55426    242.897     7.7726      8.068    16.5259    32.5451          4     34.416  0.000e+00
    23.7407     23.543   41.05274  -71.55426    242.795     7.7693      8.068    16.5261    32.5452          4     34.416  0.000e+00
    23.7406     23.543   41.05274  -71.55426    242.928     7.7736      8.073    16.5260    32.5450          4     34.416  0.000e+00
    23.7407     23.543   41.05274  -71.55426    242.811     7.7698      8.068    16.5259    32.5452          4     34.416  0.000e+00
    23.7406     23.595   41.05274  -71.55426    242.929     7.7736      8.064    16.5259    32.5450          4     34.491  0.000e+00
    23.7406     23.543   41.05274  -71.55426    242.922     7.7734      8.068    16.5259    32.5449          4     34.416  0.000e+00
    23.7409     23.543   41.05274  -71.55426    242.928     7.7736      8.068    16.5257    32.5454          4     34.416  0.000e+00
    23.7408     23.543   41.05274  -71.55426    242.932     7.7737      8.068    16.5258    32.5452          4     34.416  0.000e+00
    23.7408     23.595   41.05274  -71.55426    242.936     7.7738      8.068    16.5257    32.5452          4     34.491  0.000e+00
    23.7409     23.543   41.05274  -71.55426    242.948     7.7742      8.068    16.5256    32.5453          4     34.416  0.000e+00
    23.7411     23.543   41.05274  -71.55426    243.076     7.7783      8.068    16.5256    32.5455          4     34.416  0.000e+00
    23.7407     23.595   41.05274  -71.55426    243.085     7.7786      8.073    16.5257    32.5451          4     34.491  0.000e+00
    23.7408     23.543   41.05274  -71.55426    242.960     7.7746      8.068    16.5254    32.5451          4     34.416  0.000e+00
    23.7407     23.543   41.05274  -71.55426    243.080     7.7784      8.068    16.5257    32.5451          4     34.416  0.000e+00
    23.7409     23.595   41.05274  -71.55426    243.083     7.7785      8.073    16.5254    32.5452          4     34.491  0.000e+00
    23.7408     23.543   41.05274  -71.55426    243.091     7.7788      8.073    16.5257    32.5451          4     34.415  0.000e+00
    23.7409     23.543   41.05274  -71.55426    242.970     7.7749      8.068    16.5256    32.5453          4     34.415  0.000e+00
    23.7408     23.595   41.05274  -71.55426    242.967     7.7748      8.068    16.5255    32.5451          4     34.490  0.000e+00
    23.7405     23.543   41.05274  -71.55426    242.944     7.7741      8.068    16.5258    32.5448          4     34.415  0.000e+00
    23.7407     23.595   41.05274  -71.55426    243.055     7.7776      8.078    16.5255    32.5449          4     34.490  0.000e+00
    23.7409     23.543   41.05274  -71.55426    243.040     7.7772      8.068    16.5256    32.5453          4     34.415  0.000e+00
    23.7410     23.543   41.05274  -71.55426    242.908     7.7729      8.068    16.5255    32.5453          4     34.415  0.000e+00
    23.7407     23.594   41.05274  -71.55426    242.892     7.7724      8.068    16.5258    32.5451          4     34.490  0.000e+00
    23.7413     23.543   41.05274  -71.55426    242.874     7.7719      8.068    16.5254    32.5458          4     34.415  0.000e+00
    23.7411     23.594   41.05274  -71.55426    242.725     7.7671      8.073    16.5256    32.5456          4     34.490  0.000e+00
    23.7406     23.498   41.05274  -71.55426    242.689     7.7659      8.068    16.5257    32.5450          4     34.350  0.000e+00
    23.7410     23.575   41.05274  -71.55426    242.643     7.7645      8.073    16.5256    32.5455          4     34.462  0.000e+00
    23.7406     23.594   41.05274  -71.55426    242.609     7.7634      8.073    16.5255    32.5449          4     34.490  0.000e+00
    23.7406     23.543   41.05274  -71.55426    242.569     7.7621      8.073    16.5258    32.5450          4     34.415  0.000e+00
    23.7406     23.594   41.05274  -71.55426    242.663     7.7651      8.068    16.5257    32.5449          4     34.490  0.000e+00
    23.7408     23.543   41.05274  -71.55426    242.503     7.7600      8.073    16.5258    32.5451          4     34.415  0.000e+00
    23.7406     23.543   41.05274  -71.55426    242.345     7.7549      8.073    16.5258    32.5449          4     34.415  0.000e+00
    23.7402     23.543   41.05274  -71.55426    242.304     7.7536      8.073    16.5260    32.5446          4     34.415  0.000e+00
    23.7406     23.594   41.05274  -71.55426    242.266     7.7524      8.073    16.5258    32.5449          4     34.490  0.000e+00
    23.7408     23.543   41.05274  -71.55426    242.092     7.7468      8.073    16.5259    32.5453          4     34.415  0.000e+00
    23.7403     23.543   41.05274  -71.55426    242.039     7.7451      8.073    16.5261    32.5446          4     34.415  0.000e+00
    23.7405     23.543   41.05274  -71.55426    242.119     7.7477      8.068    16.5259    32.5448          4     34.415  0.000e+00
    23.7403     23.543   41.05274  -71.55426    241.948     7.7422      8.073    16.5259    32.5446          4     34.415  0.000e+00
    23.7405     23.594   41.05274  -71.55426    241.896     7.7406      8.078    16.5262    32.5449          4     34.490  0.000e+00
    23.7407     23.543   41.05274  -71.55426    241.857     7.7393      8.068    16.5261    32.5452          4     34.415  0.000e+00
    23.7402     23.543   41.05274  -71.55426    241.690     7.7340      8.068    16.5262    32.5446          4     34.415  0.000e+00
    23.7404     23.543   41.05274  -71.55426    241.642     7.7325      8.073    16.5261    32.5447          4     34.415  0.000e+00
    23.7405     23.543   41.05274  -71.55426    241.608     7.7313      8.073    16.5264    32.5449          4     34.415  0.000e+00
    23.7409     23.543   41.05274  -71.55426    241.695     7.7341      8.073    16.5261    32.5454          4     34.415  0.000e+00
    23.7405     23.543   41.05274  -71.55426    241.664     7.7331      8.068    16.5264    32.5450          4     34.415  0.000e+00
    23.7403     23.498   41.05274  -71.55426    241.502     7.7280      8.068    16.5266    32.5448          4     34.349  0.000e+00
    23.7403     23.543   41.05274  -71.55426    241.608     7.7313      8.073    16.5266    32.5448          4     34.415  0.000e+00
    23.7404     23.543   41.05274  -71.55426    241.465     7.7268      8.073    16.5264    32.5449          4     34.415  0.000e+00
    23.7405     23.543   41.05274  -71.55426    241.440     7.7260      8.073    16.5267    32.5451          4     34.415  0.000e+00
    23.7399     23.543   41.05274  -71.55426    241.549     7.7295      8.073    16.5271    32.5445          4     34.415  0.000e+00
    23.7402     23.498   41.05274  -71.55426    241.397     7.7246      8.068    16.5269    32.5447          4     34.349  0.000e+00
    23.7401     23.543   41.05274  -71.55426    241.512     7.7283      8.068    16.5270    32.5446          4     34.415  0.000e+00
    23.7401     23.543   41.05274  -71.55426    241.627     7.7319      8.073    16.5268    32.5446          4     34.415  0.000e+00
    23.7402     23.498   41.05274  -71.55426    241.503     7.7280      8.073    16.5271    32.5448          4     34.349  0.000e+00
    23.7400     23.543   41.05274  -71.55426    241.633     7.7322      8.068    16.5273    32.5446          4     34.415  0.000e+00
    23.7400     23.543   41.05274  -71.55426    241.517     7.7284      8.068    16.5271    32.5445          4     34.415  0.000e+00
    23.7402     23.498   41.05274  -71.55426    241.516     7.7284      8.068    16.5271    32.5449          4     34.349  0.000e+00
    23.7400     23.543   41.05274  -71.55426    241.650     7.7327      8.068    16.5274    32.5447          4     34.415  0.000e+00
    23.7401     23.498   41.05274  -71.55426    241.536     7.7290      8.073    16.5273    32.5447          4     34.349  0.000e+00
    23.7400     23.498   41.05274  -71.55426    241.687     7.7339      8.073    16.5272    32.5446          4     34.349  0.000e+00
    23.7402     23.543   41.05274  -71.55426    241.853     7.7392      8.073    16.5271    32.5448          4     34.414  0.000e+00
    23.7403     23.498   41.05274  -71.55426    241.885     7.7402      8.073    16.5272    32.5450          4     34.349  0.000e+00
    23.7399     23.498   41.05274  -71.55426    241.933     7.7418      8.068    16.5275    32.5445          4     34.349  0.000e+00
    23.7401     23.543   41.05274  -71.55426    241.854     7.7392      8.073    16.5272    32.5447          4     34.414  0.000e+00
    23.7403     23.498   41.05274  -71.55426    241.890     7.7404      8.068    16.5273    32.5450          4     34.349  0.000e+00
    23.7396     23.498   41.05274  -71.55426    242.047     7.7454      8.073    16.5276    32.5442          4     34.349  0.000e+00
    23.7401     23.498   41.05274  -71.55426    242.217     7.7508      8.073    16.5277    32.5449          4     34.349  0.000e+00
    23.7402     23.542   41.05274  -71.55426    242.272     7.7526      8.068    16.5274    32.5450          4     34.414  0.000e+00
    23.7399     23.498   41.05274  -71.55426    242.335     7.7546      8.073    16.5278    32.5446          4     34.349  0.000e+00
    23.7399     23.497   41.05274  -71.55426    242.401     7.7567      8.073    16.5279    32.5446          4     34.349  0.000e+00
    23.7400     23.497   41.05274  -71.55426    242.456     7.7585      8.073    16.5277    32.5447          4     34.349  0.000e+00
    23.7400     23.497   41.05274  -71.55426    242.641     7.7644      8.073    16.5277    32.5447          4     34.349  0.000e+00
    23.7397     23.497   41.05274  -71.55426    242.574     7.7623      8.073    16.5281    32.5444          4     34.349  0.000e+00
    23.7398     23.542   41.05274  -71.55426    242.614     7.7636      8.073    16.5283    32.5447          4     34.414  0.000e+00
    23.7398     23.497   41.05274  -71.55426    242.653     7.7648      8.068    16.5281    32.5446          4     34.349  0.000e+00
    23.7396     23.497   41.05274  -71.55426    242.692     7.7660      8.068    16.5283    32.5443          4     34.348  0.000e+00
    23.7396     23.497   41.05274  -71.55426    242.861     7.7715      8.068    16.5281    32.5443          4     34.348  0.000e+00
    23.7399     23.497   41.05274  -71.55426    242.911     7.7730      8.068    16.5281    32.5447          4     34.348  0.000e+00
    23.7398     23.497   41.05274  -71.55426    242.843     7.7709      8.078    16.5280    32.5446          4     34.348  0.000e+00
    23.7397     23.497   41.05274  -71.55426    242.878     7.7720      8.068    16.5283    32.5445          4     34.348  0.000e+00
    23.7399     23.542   41.05274  -71.55426    242.903     7.7728      8.073    16.5280    32.5447          4     34.414  0.000e+00
    23.7397     23.497   41.05274  -71.55426    242.923     7.7734      8.068    16.5280    32.5444          4     34.348  0.000e+00
    23.7399     23.497   41.05274  -71.55426    242.944     7.7741      8.073    16.5277    32.5447          4     34.348  0.000e+00
    23.7403     23.497   41.05274  -71.55426    242.951     7.7743      8.073    16.5273    32.5450          4     34.348  0.000e+00
    23.7399     23.497   41.05274  -71.55426    243.086     7.7786      8.073    16.5274    32.5445          4     34.348  0.000e+00
    23.7401     23.542   41.05274  -71.55426    243.115     7.7796      8.068    16.5273    32.5447          4     34.414  0.000e+00
    23.7403     23.497   41.05274  -71.55426    242.997     7.7758      8.068    16.5271    32.5449          4     34.348  0.000e+00
    23.7401     23.542   41.05274  -71.55426    242.997     7.7758      8.068    16.5271    32.5447          4     34.414  0.000e+00
    23.7403     23.497   41.05274  -71.55426    242.862     7.7715      8.073    16.5269    32.5449          4     34.348  0.000e+00
    23.7401     23.497   41.05274  -71.55426    242.962     7.7747      8.073    16.5270    32.5446          4     34.348  0.000e+00
    23.7400     23.542   41.05274  -71.55426    242.944     7.7741      8.073    16.5269    32.5445          4     34.414  0.000e+00
    23.7404     23.542   41.05274  -71.55426    242.924     7.7735      8.064    16.5264    32.5449          4     34.414  0.000e+00
    23.7406     23.497   41.05274  -71.55426    242.911     7.7730      8.068    16.5266    32.5452          4     34.348  0.000e+00
    23.7404     23.542   41.05274  -71.55426    242.900     7.7727      8.068    16.5266    32.5449          4     34.414  0.000e+00
    23.7404     23.497   41.05274  -71.55426    242.873     7.7718      8.068    16.5262    32.5449          4     34.348  0.000e+00
    23.7404     23.542   41.05274  -71.55426    242.859     7.7714      8.068    16.5263    32.5448          4     34.414  0.000e+00
    23.7406     23.542   41.05274  -71.55426    242.827     7.7704      8.068    16.5262    32.5450          4     34.414  0.000e+00
    23.7406     23.542   41.05274  -71.55426    242.794     7.7693      8.073    16.5263    32.5451          4     34.414  0.000e+00
    23.7405     23.542   41.05274  -71.55426    242.771     7.7686      8.073    16.5264    32.5450          4     34.414  0.000e+00
    23.7406     23.542   41.05274  -71.55426    242.734     7.7674      8.073    16.5263    32.5451          4     34.414  0.000e+00
    23.7406     23.542   41.05274  -71.55426    242.710     7.7666      8.073    16.5260    32.5450          4     34.414  0.000e+00
    23.7407     23.542   41.05274  -71.55426    242.696     7.7662      8.068    16.5259    32.5451          4     34.414  0.000e+00
    23.7407     23.542   41.05274  -71.55426    242.668     7.7653      8.073    16.5259    32.5451          4     34.414  0.000e+00
