cruise2/ctd/proc/WFv0.cnv
* Sea-Bird SBE 9 Data File:
* FileName = C:\Users\Tech\Documents\DataFiles\SBE 9\WF.hex
* Software Version Seasave V 7.26.7.107
* Temperature SN = 2735
* Conductivity SN = 2257
* Number of Bytes Per Scan = 44
* Number of Voltage Words = 4
* Number of Scans Averaged by the Deck Unit = 1
* NMEA Latitude = 41 03.17 N
* NMEA Longitude = 071 33.27 W
* NMEA UTC (Time) = Oct 11 2022  14:33:26
* NMEA baud rate = 4800
# nquan = 12
# nvalues = 16553                                 
# units = specified
# name 0 = sigma-t00: Density [sigma-t, kg/m^3 ]
# name 1 = depSM: Depth [salt water, m]
# name 2 = latitude: Latitude [deg]
# name 3 = longitude: Longitude [deg]
# name 4 = sbeox0Mm/L: Oxygen, SBE 43 [umol/l]
# name 5 = sbeox0Mg/L: Oxygen, SBE 43 [mg/l]
# name 6 = ph: pH
# name 7 = t090C: Temperature [ITS-90, deg C]
# name 8 = sal00: Salinity, Practical [PSU]
# name 9 = nbf: Bottles Fired
# name 10 = prDE: Pressure, Digiquartz [psi]
# name 11 = flag:  0.000e+00
# span 0 =    23.6461,    24.0018                 
# span 1 =      1.074,     35.287                 
# span 2 =   41.05270,   41.05278                 
# span 3 =  -71.55448,  -71.55420                 
# span 4 =    221.799,    260.863                 
# span 5 =     7.0975,     8.3475                 
# span 6 =      8.002,      8.136                 
# span 7 =    15.7262,    16.7663                 
# span 8 =    32.4922,    32.6499                 
# span 9 =          0,          7                 
# span 10 =      1.570,     51.584                
# span 11 = 0.0000e+00, 0.0000e+00                
# interval = seconds: 0.0416667
# start_time = Oct 11 2022 14:33:28 [System UTC, header]
# bad_flag = -9.990e-29
*END*
[from data line 9504]
    23.9346     32.931   41.05274  -71.55426    222.969     7.1349      8.020    15.9219    32.6193          2     48.140  0.000e+00
    23.9337     32.950   41.05274  -71.55426    222.863     7.1315      8.016    15.9232    32.6185          2     48.168  0.000e+00
    23.9333     32.880   41.05274  -71.55426    223.012     7.1363      8.020    15.9236    32.6181          2     48.065  0.000e+00
    23.9332     32.880   41.05274  -71.55426    222.904     7.1328      8.016    15.9229    32.6178          2     48.065  0.000e+00
    23.9336     32.880   41.05274  -71.55426    223.053     7.1376      8.016    15.9217    32.6179          2     48.065  0.000e+00
    23.9342     32.809   41.05274  -71.55426    223.224     7.1431      8.016    15.9211    32.6185          2     47.961  0.000e+00
    23.9346     32.835   41.05274  -71.55426    223.141     7.1404      8.016    15.9217    32.6193          2     47.999  0.000e+00
    23.9334     32.790   41.05274  -71.55426    223.275     7.1447      8.016    15.9267    32.6192          2     47.933  0.000e+00
    23.9306     32.739   41.05274  -71.55426    223.279     7.1448      8.016    15.9346    32.6178          2     47.858  0.000e+00
    23.9293     32.764   41.05274  -71.55426    223.419     7.1493      8.020    15.9390    32.6174          2     47.896  0.000e+00
    23.9289     32.738   41.05274  -71.55426    223.334     7.1466      8.020    15.9402    32.6172          2     47.858  0.000e+00
    23.9289     32.694   41.05274  -71.55426    223.509     7.1522      8.016    15.9400    32.6172          2     47.792  0.000e+00
    23.9286     32.694   41.05274  -71.55426    223.424     7.1495      8.015    15.9414    32.6172          2     47.792  0.000e+00
    23.9275     32.668   41.05274  -71.55426    223.457     7.1505      8.020    15.9434    32.6163          2     47.755  0.000e+00
    23.9276     32.649   41.05274  -71.55426    223.630     7.1561      8.015    15.9436    32.6166          2     47.727  0.000e+00
    23.9275     32.649   41.05274  -71.55426    223.683     7.1578      8.015    15.9443    32.6166          2     47.727  0.000e+00
    23.9269     32.649   41.05274  -71.55426    223.721     7.1590      8.020    15.9453    32.6162          2     47.727  0.000e+00
    23.9262     32.597   41.05274  -71.55426    223.755     7.1601      8.020    15.9467    32.6156          2     47.652  0.000e+00
    23.9255     32.578   41.05274  -71.55426    223.791     7.1612      8.020    15.9479    32.6150          2     47.623  0.000e+00
    23.9255     32.552   41.05274  -71.55426    223.828     7.1624      8.020    15.9484    32.6152          2     47.586  0.000e+00
    23.9246     32.597   41.05274  -71.55426    223.995     7.1677      8.020    15.9500    32.6145          2     47.652  0.000e+00
    23.9247     32.507   41.05274  -71.55426    223.915     7.1652      8.020    15.9494    32.6145          2     47.520  0.000e+00
    23.9257     32.527   41.05274  -71.55426    224.096     7.1710      8.025    15.9472    32.6151          2     47.548  0.000e+00
    23.9268     32.552   41.05274  -71.55426    224.146     7.1726      8.020    15.9445    32.6158          2     47.586  0.000e+00
    23.9277     32.507   41.05274  -71.55426    224.191     7.1740      8.015    15.9421    32.6161          2     47.520  0.000e+00
    23.9292     32.456   41.05274  -71.55426    224.352     7.1792      8.020    15.9395    32.6175          2     47.445  0.000e+00
    23.9288     32.482   41.05274  -71.55426    224.377     7.1800      8.020    15.9407    32.6173          2     47.483  0.000e+00
    23.9299     32.456   41.05274  -71.55426    224.266     7.1764      8.015    15.9411    32.6188          2     47.445  0.000e+00
    23.9279     32.456   41.05274  -71.55426    224.256     7.1761      8.020    15.9459    32.6176          2     47.445  0.000e+00
    23.9250     32.456   41.05274  -71.55426    224.390     7.1804      8.020    15.9509    32.6152          2     47.445  0.000e+00
    23.9234     32.437   41.05274  -71.55426    224.531     7.1849      8.020    15.9537    32.6140          2     47.417  0.000e+00
    23.9225     32.411   41.05274  -71.55426    224.548     7.1854      8.020    15.9562    32.6136          2     47.379  0.000e+00
    23.9223     32.411   41.05274  -71.55426    224.569     7.1861      8.020    15.9575    32.6137          2     47.379  0.000e+00
    23.9226     32.411   41.05274  -71.55426    224.723     7.1910      8.015    15.9578    32.6142          2     47.379  0.000e+00
    23.9224     32.411   41.05274  -71.55426    224.621     7.1878      8.020    15.9584    32.6141          2     47.379  0.000e+00
    23.9225     32.392   41.05274  -71.55426    224.768     7.1925      8.020    15.9585    32.6143          2     47.351  0.000e+00
    23.9228     32.366   41.05274  -71.55426    224.796     7.1934      8.020    15.9579    32.6145          2     47.313  0.000e+00
    23.9219     32.366   41.05274  -71.55426    224.682     7.1897      8.020    15.9588    32.6136          2     47.313  0.000e+00
    23.9202     32.366   41.05274  -71.55426    224.682     7.1897      8.015    15.9604    32.6118          2     47.313  0.000e+00
    23.9196     32.391   41.05274  -71.55426    224.681     7.1897      8.015    15.9613    32.6113          2     47.351  0.000e+00
    23.9199     32.314   41.05274  -71.55426    224.811     7.1938      8.020    15.9610    32.6115          2     47.238  0.000e+00
    23.9239     32.366   41.05274  -71.55426    224.836     7.1947      8.020    15.9566    32.6155          2     47.313  0.000e+00
    23.9285     32.314   41.05274  -71.55426    224.863     7.1955      8.020    15.9505    32.6197          2     47.238  0.000e+00
    23.9252     32.295   41.05274  -71.55426    224.856     7.1953      8.020    15.9528    32.6161          2     47.210  0.000e+00
    23.9242     32.314   41.05274  -71.55426    224.855     7.1953      8.020    15.9527    32.6148          2     47.238  0.000e+00
    23.9270     32.314   41.05274  -71.55426    224.731     7.1913      8.020    15.9485    32.6172          2     47.238  0.000e+00
    23.9276     32.269   41.05274  -71.55426    224.724     7.1911      8.015    15.9475    32.6177          2     47.172  0.000e+00
    23.9273     32.269   41.05274  -71.55426    224.825     7.1943      8.020    15.9484    32.6176          2     47.172  0.000e+00
    23.9265     32.295   41.05274  -71.55426    224.811     7.1938      8.020    15.9508    32.6172          2     47.210  0.000e+00
    23.9251     32.224   41.05274  -71.55426    224.782     7.1929      8.020    15.9548    32.6165          2     47.107  0.000e+00
    23.9220     32.269   41.05274  -71.55426    224.721     7.1910      8.020    15.9630    32.6149          2     47.172  0.000e+00
    23.9155     32.224   41.05274  -71.55426    224.637     7.1883      8.020    15.9780    32.6108          2     47.107  0.000e+00
    23.9119     32.199   41.05274  -71.55426    224.550     7.1855      8.020    15.9894    32.6095          2     47.069  0.000e+00
    23.9119     32.224   41.05274  -71.55426    224.509     7.1842      8.020    15.9931    32.6106          2     47.107  0.000e+00
    23.9118     32.224   41.05274  -71.55426    224.361     7.1795      8.020    15.9938    32.6106          2     47.107  0.000e+00
    23.9112     32.179   41.05274  -71.55426    224.450     7.1823      8.020    15.9943    32.6100          2     47.041  0.000e+00
    23.9108     32.154   41.05274  -71.55426    224.306     7.1777      8.020    15.9933    32.6091          2     47.003  0.000e+00
    23.9112     32.128   41.05274  -71.55426    224.414     7.1812      8.020    15.9916    32.6093          2     46.966  0.000e+00
    23.9126     32.179   41.05274  -71.55426    224.414     7.1812      8.020    15.9899    32.6106          2     47.041  0.000e+00
    23.9124     32.128   41.05274  -71.55426    224.384     7.1802      8.020    15.9908    32.6106          2     46.966  0.000e+00
    23.9122     32.083   41.05274  -71.55426    224.366     7.1796      8.020    15.9916    32.6105          2     46.900  0.000e+00
    23.9134     32.109   41.05274  -71.55426    224.348     7.1790      8.020    15.9892    32.6113          2     46.937  0.000e+00
    23.9135     32.038   41.05274  -71.55426    224.321     7.1782      8.020    15.9880    32.6111          2     46.834  0.000e+00
    23.9129     32.083   41.05274  -71.55426    224.173     7.1734      8.020    15.9874    32.6102          2     46.900  0.000e+00
    23.9127     32.038   41.05274  -71.55426    224.270     7.1765      8.020    15.9871    32.6099          2     46.834  0.000e+00
    23.9138     32.012   41.05274  -71.55426    224.128     7.1720      8.006    15.9838    32.6103          2     46.797  0.000e+00
    23.9160     31.987   41.05274  -71.55426    224.240     7.1756      8.020    15.9794    32.6119          2     46.759  0.000e+00
    23.9161     31.987   41.05274  -71.55426    224.084     7.1706      8.015    15.9782    32.6117          2     46.759  0.000e+00
    23.9153     31.942   41.05274  -71.55426    224.168     7.1733      8.020    15.9793    32.6110          2     46.693  0.000e+00
    23.9161     31.897   41.05274  -71.55426    224.298     7.1774      8.020    15.9758    32.6109          2     46.628  0.000e+00
    23.9188     31.916   41.05274  -71.55426    224.175     7.1735      8.020    15.9691    32.6126          2     46.656  0.000e+00
    23.9191     31.897   41.05274  -71.55426    224.137     7.1723      8.020    15.9717    32.6137          2     46.628  0.000e+00
    23.9176     31.845   41.05274  -71.55426    223.912     7.1651      8.020    15.9847    32.6155          2     46.553  0.000e+00
    23.9138     31.800   41.05274  -71.55426    223.941     7.1660      8.020    15.9981    32.6144          2     46.487  0.000e+00
    23.9095     31.826   41.05274  -71.55426    224.038     7.1691      8.020    16.0039    32.6105          2     46.524  0.000e+00
    23.9092     31.800   41.05274  -71.55426    224.049     7.1695      8.020    16.0015    32.6095          2     46.487  0.000e+00
    23.9086     31.755   41.05274  -71.55426    224.024     7.1687      8.020    16.0029    32.6091          2     46.421  0.000e+00
    23.9085     31.704   41.05274  -71.55426    224.117     7.1717      8.020    16.0063    32.6100          2     46.346  0.000e+00
    23.9090     31.704   41.05274  -71.55426    224.105     7.1712      8.020    16.0095    32.6116          2     46.346  0.000e+00
    23.9079     31.685   41.05274  -71.55426    223.959     7.1666      8.020    16.0154    32.6118          2     46.318  0.000e+00
    23.9057     31.659   41.05274  -71.55426    223.929     7.1656      8.020    16.0221    32.6110          2     46.280  0.000e+00
    23.9023     31.659   41.05274  -71.55426    223.906     7.1649      8.020    16.0279    32.6083          2     46.280  0.000e+00
    23.9008     31.563   41.05274  -71.55426    223.908     7.1649      8.020    16.0301    32.6070          2     46.139  0.000e+00
    23.9008     31.563   41.05274  -71.55426    223.915     7.1652      8.020    16.0288    32.6065          2     46.139  0.000e+00
    23.9009     31.544   41.05274  -71.55426    224.064     7.1699      8.020    16.0278    32.6064          2     46.111  0.000e+00
    23.9004     31.518   41.05274  -71.55426    224.072     7.1702      8.020    16.0310    32.6067          2     46.074  0.000e+00
    23.8985     31.518   41.05274  -71.55426    224.056     7.1697      8.020    16.0365    32.6058          2     46.074  0.000e+00
    23.8970     31.473   41.05274  -71.55426    224.040     7.1692      8.020    16.0413    32.6052          2     46.008  0.000e+00
    23.8959     31.422   41.05274  -71.55426    224.035     7.1690      8.020    16.0435    32.6044          2     45.933  0.000e+00
    23.8955     31.402   41.05274  -71.55426    223.925     7.1655      8.020    16.0427    32.6037          2     45.905  0.000e+00
    23.8962     31.377   41.05274  -71.55426    224.076     7.1703      8.020    16.0397    32.6038          2     45.867  0.000e+00
    23.8965     31.332   41.05274  -71.55426    224.094     7.1709      8.020    16.0390    32.6039          2     45.801  0.000e+00
    23.8964     31.332   41.05274  -71.55426    224.243     7.1757      8.020    16.0390    32.6038          2     45.801  0.000e+00
    23.8964     31.190   41.05274  -71.55426    224.273     7.1766      8.020    16.0377    32.6034          2     45.595  0.000e+00
    23.8972     31.357   41.05274  -71.55426    224.312     7.1779      8.020    16.0330    32.6032          2     45.839  0.000e+00
    23.8997     31.190   41.05274  -71.55426    224.337     7.1787      8.020    16.0285    32.6051          2     45.595  0.000e+00
    23.9009     31.235   41.05274  -71.55426    224.351     7.1791      8.020    16.0296    32.6069          2     45.661  0.000e+00
    23.9004     31.190   41.05274  -71.55426    224.478     7.1832      8.020    16.0344    32.6077          2     45.595  0.000e+00
    23.8985     31.120   41.05274  -71.55426    224.481     7.1833      8.020    16.0399    32.6068          2     45.492  0.000e+00
    23.8969     31.094   41.05274  -71.55426    224.497     7.1838      8.020    16.0426    32.6056          2     45.454  0.000e+00
    23.8963     31.094   41.05274  -71.55426    224.516     7.1844      8.020    16.0442    32.6052          2     45.454  0.000e+00
    23.8956     31.094   41.05274  -71.55426    224.665     7.1892      8.024    16.0459    32.6048          2     45.454  0.000e+00
    23.8949     31.049   41.05274  -71.55426    224.825     7.1943      8.011    16.0472    32.6043          2     45.388  0.000e+00
    23.8946     30.953   41.05274  -71.55426    224.842     7.1949      8.020    16.0493    32.6044          2     45.248  0.000e+00
    23.8936     31.023   41.05274  -71.55426    224.877     7.1960      8.015    16.0511    32.6037          2     45.351  0.000e+00
    23.8932     30.953   41.05274  -71.55426    224.896     7.1966      8.020    16.0517    32.6033          2     45.248  0.000e+00
    23.8932     30.953   41.05274  -71.55426    225.062     7.2019      8.029    16.0517    32.6033          2     45.247  0.000e+00
    23.8929     30.908   41.05274  -71.55426    225.234     7.2074      8.024    16.0522    32.6032          2     45.182  0.000e+00
    23.8930     30.863   41.05274  -71.55426    225.283     7.2090      8.020    16.0525    32.6033          2     45.116  0.000e+00
    23.8926     30.882   41.05274  -71.55426    225.329     7.2104      8.020    16.0529    32.6030          2     45.144  0.000e+00
    23.8931     30.863   41.05274  -71.55426    225.503     7.2160      8.020    16.0530    32.6036          2     45.116  0.000e+00
    23.8926     30.811   41.05274  -71.55426    225.547     7.2174      8.020    16.0542    32.6033          2     45.041  0.000e+00
    23.8920     30.766   41.05274  -71.55426    225.570     7.2181      8.024    16.0559    32.6031          2     44.975  0.000e+00
    23.8908     30.811   41.05274  -71.55426    225.600     7.2191      8.020    16.0585    32.6023          2     45.041  0.000e+00
    23.8905     30.747   41.05274  -71.55426    225.746     7.2238      8.020    16.0598    32.6022          2     44.947  0.000e+00
    23.8903     30.722   41.05274  -71.55426    225.793     7.2253      8.020    16.0590    32.6017          2     44.909  0.000e+00
    23.8908     30.721   41.05274  -71.55426    225.824     7.2263      8.020    16.0575    32.6020          2     44.909  0.000e+00
    23.8909     30.670   41.05274  -71.55426    225.991     7.2316      8.024    16.0564    32.6018          2     44.834  0.000e+00
    23.8916     30.670   41.05274  -71.55426    226.049     7.2335      8.020    16.0553    32.6024          2     44.834  0.000e+00
    23.8920     30.651   41.05274  -71.55426    226.081     7.2345      8.020    16.0551    32.6028          2     44.806  0.000e+00
