cruise2/ctd/proc/WFv0.cnv
* Sea-Bird SBE 9 Data File:
* FileName = C:\Users\Tech\Documents\DataFiles\SBE 9\WF.hex
* Software Version Seasave V 7.26.7.107
* Temperature SN = 2735
* Conductivity SN = 2257
* Number of Bytes Per Scan = 44
* Number of Voltage Words = 4
* Number of Scans Averaged by the Deck Unit = 1
* NMEA Latitude = 41 03.17 N
* NMEA Longitude = 071 33.27 W
* NMEA UTC (Time) = Oct 11 2022  14:33:26
* NMEA baud rate = 4800
# nquan = 12
# nvalues = 16553                                 
# units = specified
# name 0 = sigma-t00: Density [sigma-t, kg/m^3 ]
# name 1 = depSM: Depth [salt water, m]
# name 2 = latitude: Latitude [deg]
# name 3 = longitude: Longitude [deg]
# name 4 = sbeox0Mm/L: Oxygen, SBE 43 [umol/l]
# name 5 = sbeox0Mg/L: Oxygen, SBE 43 [mg/l]
# name 6 = ph: pH
# name 7 = t090C: Temperature [ITS-90, deg C]
# name 8 = sal00: Salinity, Practical [PSU]
# name 9 = nbf: Bottles Fired
# name 10 = prDE: Pressure, Digiquartz [psi]
# name 11 = flag:  0.000e+00
# span 0 =    23.6461,    24.0018                 
# span 1 =      1.074,     35.287                 
# span 2 =   41.05270,   41.05278                 
# span 3 =  -71.55448,  -71.55420                 
# span 4 =    221.799,    260.863                 
# span 5 =     7.0975,     8.3475                 
# span 6 =      8.002,      8.136                 
# span 7 =    15.7262,    16.7663                 
# span 8 =    32.4922,    32.6499                 
# span 9 =          0,          7                 
# span 10 =      1.570,     51.584                
# span 11 = 0.0000e+00, 0.0000e+00                
# interval = seconds: 0.0416667
# start_time = Oct 11 2022 14:33:28 [System UTC, header]
# bad_flag = -9.990e-29
*END*
[from data line 15038]
    23.6489      1.309   41.05272  -71.55422    258.721     8.2790      8.127    16.7588    32.4954          6      1.914  0.000e+00
    23.6490      1.258   41.05272  -71.55422    258.711     8.2786      8.122    16.7588    32.4955          6      1.839  0.000e+00
    23.6490      1.354   41.05272  -71.55422    258.574     8.2743      8.122    16.7590    32.4956          6      1.979  0.000e+00
    23.6486      1.309   41.05272  -71.55422    258.534     8.2730      8.122    16.7598    32.4953          6      1.914  0.000e+00
    23.6485      1.354   41.05272  -71.55422    258.367     8.2676      8.122    16.7604    32.4954          6      1.979  0.000e+00
    23.6485      1.399   41.05272  -71.55422    258.332     8.2665      8.122    16.7607    32.4954          6      2.045  0.000e+00
    23.6481      1.354   41.05272  -71.55422    258.426     8.2695      8.122    16.7609    32.4950          6      1.979  0.000e+00
    23.6481      1.399   41.05272  -71.55422    258.276     8.2647      8.122    16.7609    32.4950          6      2.045  0.000e+00
    23.6484      1.399   41.05272  -71.55422    258.245     8.2637      8.122    16.7604    32.4952          6      2.045  0.000e+00
    23.6483      1.444   41.05272  -71.55422    258.228     8.2632      8.122    16.7600    32.4950          6      2.111  0.000e+00
    23.6482      1.450   41.05272  -71.55422    258.195     8.2621      8.122    16.7604    32.4950          6      2.120  0.000e+00
    23.6484      1.444   41.05272  -71.55422    258.175     8.2615      8.122    16.7605    32.4953          6      2.111  0.000e+00
    23.6482      1.450   41.05272  -71.55422    258.144     8.2605      8.122    16.7607    32.4950          6      2.120  0.000e+00
    23.6485      1.495   41.05272  -71.55422    258.130     8.2600      8.122    16.7604    32.4954          6      2.186  0.000e+00
    23.6485      1.450   41.05272  -71.55422    258.114     8.2595      8.122    16.7600    32.4952          6      2.120  0.000e+00
    23.6484      1.495   41.05272  -71.55422    258.101     8.2591      8.122    16.7600    32.4951          6      2.186  0.000e+00
    23.6486      1.495   41.05272  -71.55422    257.957     8.2545      8.122    16.7602    32.4954          6      2.185  0.000e+00
    23.6486      1.495   41.05272  -71.55422    257.931     8.2537      8.122    16.7604    32.4955          6      2.185  0.000e+00
    23.6480      1.495   41.05272  -71.55422    257.776     8.2487      8.122    16.7609    32.4948          6      2.185  0.000e+00
    23.6482      1.495   41.05272  -71.55422    257.740     8.2476      8.122    16.7612    32.4952          6      2.185  0.000e+00
    23.6480      1.495   41.05272  -71.55422    257.708     8.2465      8.122    16.7614    32.4950          6      2.185  0.000e+00
    23.6480      1.495   41.05272  -71.55422    257.824     8.2503      8.122    16.7609    32.4949          6      2.185  0.000e+00
    23.6483      1.495   41.05272  -71.55422    257.822     8.2502      8.127    16.7609    32.4952          6      2.185  0.000e+00
    23.6481      1.495   41.05272  -71.55422    257.822     8.2502      8.122    16.7610    32.4950          6      2.185  0.000e+00
    23.6487      1.495   41.05272  -71.55422    257.827     8.2503      8.122    16.7605    32.4956          6      2.185  0.000e+00
    23.6486      1.444   41.05272  -71.55422    257.820     8.2501      8.122    16.7600    32.4954          6      2.110  0.000e+00
    23.6488      1.450   41.05272  -71.55422    257.817     8.2500      8.122    16.7593    32.4954          6      2.120  0.000e+00
    23.6492      1.495   41.05272  -71.55422    257.958     8.2545      8.122    16.7588    32.4958          6      2.185  0.000e+00
    23.6490      1.399   41.05272  -71.55422    257.978     8.2552      8.122    16.7586    32.4955          6      2.045  0.000e+00
    23.6492      1.444   41.05272  -71.55422    258.004     8.2560      8.118    16.7584    32.4957          6      2.110  0.000e+00
    23.6496      1.450   41.05272  -71.55422    257.901     8.2527      8.122    16.7581    32.4960          6      2.120  0.000e+00
    23.6492      1.444   41.05272  -71.55422    258.032     8.2569      8.122    16.7583    32.4956          6      2.110  0.000e+00
    23.6493      1.399   41.05272  -71.55422    258.046     8.2573      8.122    16.7583    32.4958          6      2.045  0.000e+00
    23.6494      1.354   41.05272  -71.55422    258.061     8.2578      8.122    16.7581    32.4959          6      1.979  0.000e+00
    23.6495      1.444   41.05272  -71.55422    258.210     8.2626      8.122    16.7583    32.4960          6      2.110  0.000e+00
    23.6493      1.399   41.05272  -71.55422    258.238     8.2635      8.122    16.7585    32.4958          6      2.045  0.000e+00
    23.6493      1.399   41.05272  -71.55422    258.398     8.2686      8.127    16.7586    32.4959          6      2.044  0.000e+00
    23.6493      1.399   41.05272  -71.55422    258.310     8.2658      8.122    16.7590    32.4959          6      2.044  0.000e+00
    23.6490      1.399   41.05272  -71.55422    258.341     8.2668      8.122    16.7592    32.4956          6      2.044  0.000e+00
    23.6487      1.354   41.05272  -71.55422    258.356     8.2673      8.122    16.7597    32.4954          6      1.979  0.000e+00
    23.6486      1.399   41.05272  -71.55422    258.375     8.2679      8.122    16.7600    32.4954          6      2.044  0.000e+00
    23.6485      1.354   41.05272  -71.55422    258.275     8.2647      8.122    16.7602    32.4953          6      1.979  0.000e+00
    23.6486      1.399   41.05272  -71.55422    258.296     8.2653      8.122    16.7604    32.4955          6      2.044  0.000e+00
    23.6483      1.354   41.05272  -71.55422    258.445     8.2701      8.122    16.7605    32.4951          6      1.979  0.000e+00
    23.6488      1.354   41.05272  -71.55422    258.336     8.2666      8.122    16.7605    32.4958          6      1.979  0.000e+00
    23.6481      1.399   41.05272  -71.55422    258.347     8.2670      8.122    16.7607    32.4950          6      2.044  0.000e+00
    23.6481      1.354   41.05272  -71.55422    258.358     8.2673      8.122    16.7604    32.4949          6      1.979  0.000e+00
    23.6483      1.354   41.05272  -71.55422    258.383     8.2682      8.122    16.7600    32.4949          6      1.979  0.000e+00
    23.6487      1.399   41.05272  -71.55422    258.411     8.2690      8.122    16.7597    32.4954          6      2.044  0.000e+00
    23.6489      1.354   41.05272  -71.55422    258.439     8.2699      8.122    16.7590    32.4955          6      1.979  0.000e+00
    23.6490      1.354   41.05272  -71.55422    258.467     8.2708      8.122    16.7588    32.4955          6      1.979  0.000e+00
    23.6495      1.399   41.05272  -71.55422    258.484     8.2714      8.122    16.7584    32.4960          6      2.044  0.000e+00
    23.6487      1.398   41.05272  -71.55422    258.499     8.2718      8.122    16.7588    32.4951          6      2.044  0.000e+00
    23.6489      1.354   41.05272  -71.55422    258.370     8.2677      8.122    16.7588    32.4953          6      1.979  0.000e+00
    23.6491      1.398   41.05272  -71.55422    258.492     8.2716      8.122    16.7586    32.4957          6      2.044  0.000e+00
    23.6488      1.398   41.05272  -71.55422    258.508     8.2721      8.122    16.7588    32.4953          6      2.044  0.000e+00
    23.6489      1.354   41.05272  -71.55422    258.509     8.2722      8.122    16.7590    32.4955          6      1.978  0.000e+00
    23.6489      1.398   41.05272  -71.55422    258.513     8.2723      8.118    16.7592    32.4955          6      2.044  0.000e+00
    23.6487      1.398   41.05272  -71.55422    258.517     8.2724      8.122    16.7592    32.4953          6      2.044  0.000e+00
    23.6492      1.354   41.05272  -71.55422    258.522     8.2726      8.122    16.7586    32.4957          6      1.978  0.000e+00
    23.6491      1.398   41.05272  -71.55422    258.527     8.2727      8.122    16.7586    32.4957          6      2.044  0.000e+00
    23.6490      1.398   41.05272  -71.55422    258.660     8.2770      8.122    16.7586    32.4954          6      2.044  0.000e+00
    23.6489      1.353   41.05272  -71.55422    258.674     8.2774      8.122    16.7588    32.4954          6      1.978  0.000e+00
    23.6491      1.398   41.05272  -71.55422    258.692     8.2780      8.122    16.7585    32.4956          6      2.044  0.000e+00
    23.6491      1.353   41.05272  -71.55422    258.835     8.2826      8.122    16.7584    32.4955          6      1.978  0.000e+00
    23.6492      1.398   41.05272  -71.55422    258.719     8.2789      8.122    16.7586    32.4958          6      2.044  0.000e+00
    23.6492      1.353   41.05272  -71.55422    258.718     8.2789      8.122    16.7585    32.4957          6      1.978  0.000e+00
    23.6490      1.353   41.05272  -71.55422    258.702     8.2783      8.127    16.7588    32.4955          6      1.978  0.000e+00
    23.6490      1.353   41.05272  -71.55422    258.684     8.2778      8.122    16.7590    32.4956          6      1.978  0.000e+00
    23.6492      1.353   41.05272  -71.55422    258.796     8.2814      8.122    16.7588    32.4958          6      1.978  0.000e+00
    23.6490      1.308   41.05272  -71.55422    258.802     8.2816      8.122    16.7586    32.4955          6      1.913  0.000e+00
    23.6489      1.353   41.05272  -71.55422    258.806     8.2817      8.122    16.7590    32.4955          6      1.978  0.000e+00
    23.6491      1.353   41.05272  -71.55422    258.809     8.2818      8.122    16.7588    32.4956          6      1.978  0.000e+00
    23.6490      1.308   41.05272  -71.55422    258.810     8.2818      8.122    16.7586    32.4954          6      1.913  0.000e+00
    23.6493      1.308   41.05272  -71.55422    258.683     8.2778      8.122    16.7580    32.4957          6      1.913  0.000e+00
    23.6493      1.308   41.05272  -71.55422    258.929     8.2856      8.122    16.7580    32.4956          6      1.913  0.000e+00
    23.6496      1.308   41.05272  -71.55422    258.951     8.2863      8.122    16.7578    32.4960          6      1.913  0.000e+00
    23.6498      1.257   41.05272  -71.55422    258.840     8.2828      8.118    16.7578    32.4963          6      1.837  0.000e+00
    23.6494      1.308   41.05272  -71.55422    258.847     8.2830      8.122    16.7581    32.4959          6      1.912  0.000e+00
    23.6494      1.308   41.05272  -71.55422    258.840     8.2828      8.122    16.7581    32.4958          6      1.912  0.000e+00
    23.6495      1.257   41.05272  -71.55422    258.712     8.2787      8.122    16.7581    32.4960          6      1.837  0.000e+00
    23.6491      1.308   41.05272  -71.55422    258.835     8.2826      8.122    16.7583    32.4955          6      1.912  0.000e+00
    23.6490      1.308   41.05272  -71.55422    258.837     8.2827      8.122    16.7584    32.4954          6      1.912  0.000e+00
    23.6495      1.257   41.05272  -71.55422    258.849     8.2831      8.122    16.7583    32.4961          6      1.837  0.000e+00
    23.6492      1.308   41.05272  -71.55422    258.865     8.2836      8.122    16.7584    32.4957          6      1.912  0.000e+00
    23.6494      1.308   41.05272  -71.55422    259.022     8.2886      8.122    16.7583    32.4959          6      1.912  0.000e+00
    23.6494      1.353   41.05272  -71.55422    258.920     8.2853      8.122    16.7583    32.4959          6      1.978  0.000e+00
    23.6493      1.308   41.05272  -71.55422    258.931     8.2857      8.127    16.7583    32.4958          6      1.912  0.000e+00
    23.6492      1.308   41.05272  -71.55420    258.944     8.2861      8.122    16.7581    32.4955          6      1.912  0.000e+00
    23.6493      1.308   41.05272  -71.55420    258.957     8.2865      8.122    16.7580    32.4956          6      1.912  0.000e+00
    23.6498      1.398   41.05272  -71.55420    258.962     8.2867      8.122    16.7571    32.4960          6      2.044  0.000e+00
    23.6504      1.353   41.05272  -71.55420    258.961     8.2866      8.122    16.7562    32.4966          6      1.978  0.000e+00
    23.6504      1.353   41.05272  -71.55420    259.101     8.2911      8.122    16.7561    32.4965          6      1.978  0.000e+00
    23.6500      1.353   41.05272  -71.55420    258.975     8.2871      8.122    16.7567    32.4962          6      1.978  0.000e+00
    23.6498      1.398   41.05272  -71.55420    258.970     8.2869      8.122    16.7569    32.4961          6      2.043  0.000e+00
    23.6502      1.353   41.05272  -71.55420    258.961     8.2866      8.122    16.7567    32.4965          6      1.978  0.000e+00
    23.6499      1.398   41.05272  -71.55420    259.084     8.2906      8.122    16.7567    32.4961          6      2.043  0.000e+00
    23.6501      1.353   41.05272  -71.55420    259.085     8.2906      8.122    16.7568    32.4964          6      1.978  0.000e+00
    23.6501      1.398   41.05272  -71.55420    259.087     8.2907      8.122    16.7569    32.4964          6      2.043  0.000e+00
    23.6496      1.398   41.05272  -71.55420    259.085     8.2906      8.122    16.7573    32.4959          6      2.043  0.000e+00
    23.6497      1.398   41.05272  -71.55420    259.083     8.2905      8.122    16.7573    32.4960          6      2.043  0.000e+00
    23.6495      1.398   41.05272  -71.55420    259.076     8.2903      8.122    16.7578    32.4959          6      2.043  0.000e+00
    23.6497      1.398   41.05272  -71.55420    259.057     8.2897      8.122    16.7580    32.4961          6      2.043  0.000e+00
    23.6490      1.398   41.05272  -71.55420    259.044     8.2893      8.122    16.7590    32.4956          6      2.043  0.000e+00
    23.6486      1.398   41.05272  -71.55420    259.162     8.2931      8.122    16.7595    32.4952          6      2.043  0.000e+00
    23.6485      1.398   41.05272  -71.55420    259.165     8.2931      8.122    16.7595    32.4951          6      2.043  0.000e+00
    23.6488      1.398   41.05272  -71.55420    259.167     8.2932      8.122    16.7588    32.4953          6      2.043  0.000e+00
    23.6489      1.353   41.05272  -71.55420    259.035     8.2890      8.122    16.7586    32.4954          6      1.978  0.000e+00
    23.6491      1.398   41.05272  -71.55420    259.147     8.2926      8.122    16.7588    32.4957          6      2.043  0.000e+00
    23.6487      1.398   41.05272  -71.55420    259.141     8.2924      8.127    16.7590    32.4952          6      2.043  0.000e+00
    23.6491      1.353   41.05272  -71.55420    259.144     8.2925      8.122    16.7588    32.4956          6      1.978  0.000e+00
    23.6491      1.398   41.05272  -71.55420    259.276     8.2967      8.122    16.7592    32.4958          6      2.043  0.000e+00
    23.6486      1.353   41.05272  -71.55420    259.289     8.2971      8.127    16.7593    32.4952          6      1.977  0.000e+00
    23.6490      1.353   41.05272  -71.55420    259.316     8.2980      8.122    16.7588    32.4955          6      1.977  0.000e+00
    23.6493      1.353   41.05272  -71.55420    259.328     8.2984      8.122    16.7583    32.4957          6      1.977  0.000e+00
    23.6493      1.308   41.05272  -71.55420    259.209     8.2946      8.132    16.7576    32.4955          6      1.912  0.000e+00
    23.6496      1.308   41.05272  -71.55420    259.465     8.3027      8.122    16.7571    32.4958          6      1.912  0.000e+00
    23.6497      1.308   41.05272  -71.55420    259.352     8.2992      8.122    16.7569    32.4959          6      1.912  0.000e+00
    23.6497      1.308   41.05272  -71.55420    259.366     8.2996      8.132    16.7571    32.4959          6      1.912  0.000e+00
