cruise2/ctd/proc/WFv0.cnv
* Sea-Bird SBE 9 Data File:
* FileName = C:\Users\Tech\Documents\DataFiles\SBE 9\WF.hex
* Software Version Seasave V 7.26.7.107
* Temperature SN = 2735
* Conductivity SN = 2257
* Number of Bytes Per Scan = 44
* Number of Voltage Words = 4
* Number of Scans Averaged by the Deck Unit = 1
* NMEA Latitude = 41 03.17 N
* NMEA Longitude = 071 33.27 W
* NMEA UTC (Time) = Oct 11 2022  14:33:26
* NMEA baud rate = 4800
# nquan = 12
# nvalues = 16553                                 
# units = specified
# name 0 = sigma-t00: Density [sigma-t, kg/m^3 ]
# name 1 = depSM: Depth [salt water, m]
# name 2 = latitude: Latitude [deg]
# name 3 = longitude: Longitude [deg]
# name 4 = sbeox0Mm/L: Oxygen, SBE 43 [umol/l]
# name 5 = sbeox0Mg/L: Oxygen, SBE 43 [mg/l]
# name 6 = ph: pH
# name 7 = t090C: Temperature [ITS-90, deg C]
# name 8 = sal00: Salinity, Practical [PSU]
# name 9 = nbf: Bottles Fired
# name 10 = prDE: Pressure, Digiquartz [psi]
# name 11 = flag:  0.000e+00
# span 0 =    23.6461,    24.0018                 
# span 1 =      1.074,     35.287                 
# span 2 =   41.05270,   41.05278                 
# span 3 =  -71.55448,  -71.55420                 
# span 4 =    221.799,    260.863                 
# span 5 =     7.0975,     8.3475                 
# span 6 =      8.002,      8.136                 
# span 7 =    15.7262,    16.7663                 
# span 8 =    32.4922,    32.6499                 
# span 9 =          0,          7                 
# span 10 =      1.570,     51.584                
# span 11 = 0.0000e+00, 0.0000e+00                
# interval = seconds: 0.0416667
# start_time = Oct 11 2022 14:33:28 [System UTC, header]
# bad_flag = -9.990e-29
*END*
[from data line 14316]
    23.6859      6.149   41.05272  -71.55422    255.521     8.1766      8.114    16.6709    32.5171          6      8.989  0.000e+00
    23.6858      6.098   41.05272  -71.55422    255.657     8.1809      8.114    16.6709    32.5170          6      8.914  0.000e+00
    23.6858      6.104   41.05272  -71.55422    255.671     8.1814      8.114    16.6712    32.5172          6      8.923  0.000e+00
    23.6858      6.098   41.05272  -71.55422    255.685     8.1818      8.114    16.6710    32.5171          6      8.913  0.000e+00
    23.6856      6.104   41.05272  -71.55422    255.577     8.1783      8.114    16.6712    32.5169          6      8.923  0.000e+00
    23.6857      6.098   41.05272  -71.55422    255.701     8.1823      8.114    16.6710    32.5169          6      8.913  0.000e+00
    23.6857      6.098   41.05272  -71.55422    255.703     8.1824      8.109    16.6712    32.5170          6      8.913  0.000e+00
    23.6858      6.059   41.05272  -71.55422    255.713     8.1827      8.114    16.6714    32.5171          6      8.857  0.000e+00
    23.6858      6.053   41.05272  -71.55422    255.719     8.1829      8.114    16.6717    32.5173          6      8.848  0.000e+00
    23.6857      6.059   41.05272  -71.55422    255.710     8.1826      8.114    16.6721    32.5172          6      8.857  0.000e+00
    23.6854      6.053   41.05272  -71.55422    255.698     8.1822      8.114    16.6723    32.5169          6      8.848  0.000e+00
    23.6855      6.059   41.05272  -71.55422    255.697     8.1822      8.114    16.6723    32.5171          6      8.857  0.000e+00
    23.6853      6.053   41.05272  -71.55422    255.692     8.1820      8.114    16.6723    32.5168          6      8.848  0.000e+00
    23.6853      6.053   41.05272  -71.55422    255.671     8.1814      8.114    16.6723    32.5168          6      8.848  0.000e+00
    23.6857      6.008   41.05272  -71.55422    255.646     8.1806      8.114    16.6719    32.5172          6      8.782  0.000e+00
    23.6853      6.053   41.05272  -71.55422    255.762     8.1843      8.114    16.6721    32.5167          6      8.848  0.000e+00
    23.6855      6.008   41.05272  -71.55422    255.754     8.1840      8.114    16.6721    32.5170          6      8.782  0.000e+00
    23.6854      6.008   41.05272  -71.55422    255.743     8.1836      8.118    16.6723    32.5170          6      8.782  0.000e+00
    23.6851      6.008   41.05272  -71.55422    255.740     8.1836      8.118    16.6728    32.5167          6      8.782  0.000e+00
    23.6845      6.008   41.05272  -71.55422    255.736     8.1834      8.114    16.6729    32.5160          6      8.782  0.000e+00
    23.6855      6.008   41.05272  -71.55422    255.728     8.1832      8.114    16.6728    32.5172          6      8.782  0.000e+00
    23.6852      6.008   41.05272  -71.55422    255.718     8.1829      8.114    16.6729    32.5169          6      8.782  0.000e+00
    23.6853      6.008   41.05272  -71.55422    255.705     8.1825      8.114    16.6728    32.5170          6      8.782  0.000e+00
    23.6854      6.008   41.05272  -71.55422    255.819     8.1861      8.114    16.6728    32.5171          6      8.782  0.000e+00
    23.6854      5.956   41.05272  -71.55422    255.809     8.1858      8.114    16.6729    32.5172          6      8.707  0.000e+00
    23.6852      6.008   41.05272  -71.55422    255.930     8.1896      8.114    16.6729    32.5168          6      8.782  0.000e+00
    23.6854      5.956   41.05272  -71.55422    255.938     8.1899      8.114    16.6729    32.5171          6      8.707  0.000e+00
    23.6852      5.963   41.05272  -71.55422    256.061     8.1938      8.114    16.6731    32.5169          6      8.716  0.000e+00
    23.6853      6.008   41.05272  -71.55422    255.947     8.1902      8.114    16.6731    32.5171          6      8.782  0.000e+00
    23.6848      5.956   41.05272  -71.55422    256.060     8.1938      8.114    16.6735    32.5165          6      8.707  0.000e+00
    23.6850      5.963   41.05272  -71.55422    256.066     8.1940      8.127    16.6735    32.5168          6      8.716  0.000e+00
    23.6850      5.956   41.05272  -71.55422    256.068     8.1941      8.118    16.6735    32.5168          6      8.707  0.000e+00
    23.6848      5.963   41.05272  -71.55422    256.208     8.1985      8.114    16.6738    32.5166          6      8.716  0.000e+00
    23.6851      5.956   41.05272  -71.55422    256.227     8.1992      8.114    16.6736    32.5170          6      8.707  0.000e+00
    23.6851      5.918   41.05272  -71.55422    256.242     8.1996      8.114    16.6736    32.5169          6      8.650  0.000e+00
    23.6846      5.956   41.05272  -71.55422    256.384     8.2042      8.118    16.6738    32.5163          6      8.707  0.000e+00
    23.6846      5.963   41.05272  -71.55422    256.272     8.2006      8.114    16.6740    32.5164          6      8.716  0.000e+00
    23.6849      5.911   41.05272  -71.55422    256.274     8.2007      8.114    16.6736    32.5167          6      8.641  0.000e+00
    23.6847      5.911   41.05272  -71.55422    256.400     8.2047      8.114    16.6740    32.5165          6      8.641  0.000e+00
    23.6850      5.963   41.05272  -71.55422    256.551     8.2095      8.114    16.6738    32.5169          6      8.716  0.000e+00
    23.6847      5.911   41.05272  -71.55422    256.576     8.2103      8.114    16.6740    32.5165          6      8.641  0.000e+00
    23.6845      5.918   41.05272  -71.55422    256.611     8.2114      8.118    16.6741    32.5163          6      8.650  0.000e+00
    23.6845      5.911   41.05272  -71.55422    256.628     8.2120      8.114    16.6743    32.5164          6      8.641  0.000e+00
    23.6850      5.866   41.05272  -71.55422    256.640     8.2124      8.118    16.6741    32.5169          6      8.575  0.000e+00
    23.6845      5.911   41.05272  -71.55422    256.780     8.2168      8.118    16.6743    32.5163          6      8.641  0.000e+00
    23.6846      5.911   41.05272  -71.55422    256.679     8.2136      8.118    16.6743    32.5165          6      8.641  0.000e+00
    23.6845      5.866   41.05272  -71.55422    256.689     8.2139      8.114    16.6745    32.5163          6      8.575  0.000e+00
    23.6847      5.866   41.05272  -71.55422    256.826     8.2183      8.118    16.6745    32.5167          6      8.575  0.000e+00
    23.6846      5.866   41.05272  -71.55422    256.855     8.2192      8.123    16.6746    32.5165          6      8.575  0.000e+00
    23.6848      5.866   41.05272  -71.55422    256.996     8.2238      8.118    16.6746    32.5169          6      8.575  0.000e+00
    23.6847      5.866   41.05272  -71.55422    257.029     8.2248      8.114    16.6746    32.5167          6      8.575  0.000e+00
    23.6842      5.866   41.05272  -71.55422    256.926     8.2215      8.114    16.6748    32.5162          6      8.575  0.000e+00
    23.6845      5.821   41.05272  -71.55422    257.063     8.2259      8.118    16.6752    32.5166          6      8.509  0.000e+00
    23.6846      5.866   41.05272  -71.55422    257.069     8.2261      8.118    16.6752    32.5167          6      8.575  0.000e+00
    23.6843      5.815   41.05272  -71.55422    257.080     8.2264      8.118    16.6754    32.5164          6      8.500  0.000e+00
    23.6846      5.821   41.05272  -71.55422    257.087     8.2267      8.114    16.6755    32.5168          6      8.509  0.000e+00
    23.6847      5.770   41.05272  -71.55422    257.089     8.2267      8.118    16.6755    32.5169          6      8.434  0.000e+00
    23.6844      5.821   41.05272  -71.55422    257.089     8.2267      8.118    16.6757    32.5166          6      8.509  0.000e+00
    23.6843      5.770   41.05272  -71.55422    257.081     8.2265      8.114    16.6759    32.5166          6      8.434  0.000e+00
    23.6846      5.776   41.05272  -71.55422    257.201     8.2303      8.114    16.6757    32.5169          6      8.444  0.000e+00
    23.6845      5.725   41.05272  -71.55422    257.196     8.2302      8.114    16.6757    32.5168          6      8.369  0.000e+00
    23.6841      5.725   41.05272  -71.55422    257.185     8.2298      8.118    16.6763    32.5164          6      8.369  0.000e+00
    23.6840      5.770   41.05272  -71.55422    257.302     8.2336      8.118    16.6764    32.5164          6      8.434  0.000e+00
    23.6842      5.725   41.05272  -71.55422    257.292     8.2332      8.118    16.6767    32.5167          6      8.368  0.000e+00
    23.6840      5.680   41.05272  -71.55422    257.290     8.2332      8.118    16.6769    32.5164          6      8.303  0.000e+00
    23.6841      5.725   41.05272  -71.55422    257.286     8.2330      8.114    16.6769    32.5167          6      8.368  0.000e+00
    23.6837      5.680   41.05272  -71.55422    257.274     8.2326      8.123    16.6772    32.5162          6      8.303  0.000e+00
    23.6836      5.680   41.05272  -71.55422    257.259     8.2322      8.123    16.6771    32.5161          6      8.303  0.000e+00
    23.6837      5.635   41.05272  -71.55422    257.236     8.2314      8.118    16.6772    32.5162          6      8.237  0.000e+00
    23.6837      5.680   41.05272  -71.55422    257.339     8.2347      8.114    16.6777    32.5163          6      8.303  0.000e+00
    23.6836      5.539   41.05272  -71.55422    257.313     8.2339      8.114    16.6781    32.5164          6      8.096  0.000e+00
    23.6833      5.725   41.05272  -71.55422    257.163     8.2291      8.118    16.6784    32.5160          6      8.368  0.000e+00
    23.6834      5.584   41.05272  -71.55422    257.258     8.2321      8.114    16.6784    32.5162          6      8.162  0.000e+00
    23.6832      5.635   41.05272  -71.55422    257.236     8.2314      8.114    16.6788    32.5160          6      8.237  0.000e+00
    23.6835      5.584   41.05272  -71.55422    257.220     8.2309      8.114    16.6786    32.5163          6      8.162  0.000e+00
    23.6835      5.539   41.05272  -71.55422    257.329     8.2344      8.118    16.6788    32.5164          6      8.096  0.000e+00
    23.6835      5.584   41.05272  -71.55422    257.330     8.2344      8.114    16.6791    32.5165          6      8.162  0.000e+00
    23.6832      5.539   41.05272  -71.55422    257.310     8.2338      8.118    16.6794    32.5163          6      8.096  0.000e+00
    23.6828      5.539   41.05272  -71.55422    257.171     8.2293      8.114    16.6798    32.5158          6      8.096  0.000e+00
    23.6829      5.494   41.05272  -71.55422    257.273     8.2326      8.114    16.6798    32.5160          6      8.031  0.000e+00
    23.6831      5.487   41.05272  -71.55422    257.255     8.2321      8.118    16.6798    32.5162          6      8.021  0.000e+00
    23.6825      5.487   41.05272  -71.55422    257.245     8.2317      8.118    16.6802    32.5156          6      8.021  0.000e+00
    23.6827      5.494   41.05272  -71.55422    257.232     8.2313      8.118    16.6802    32.5158          6      8.031  0.000e+00
    23.6830      5.487   41.05272  -71.55422    257.343     8.2349      8.118    16.6803    32.5162          6      8.021  0.000e+00
    23.6828      5.443   41.05272  -71.55422    257.346     8.2350      8.118    16.6802    32.5159          6      7.956  0.000e+00
    23.6829      5.443   41.05272  -71.55422    257.202     8.2304      8.118    16.6802    32.5160          6      7.955  0.000e+00
    23.6824      5.442   41.05272  -71.55422    257.302     8.2335      8.118    16.6803    32.5155          6      7.955  0.000e+00
    23.6827      5.398   41.05272  -71.55422    257.290     8.2332      8.118    16.6803    32.5159          6      7.890  0.000e+00
    23.6825      5.442   41.05272  -71.55422    257.420     8.2373      8.118    16.6805    32.5156          6      7.955  0.000e+00
    23.6827      5.398   41.05272  -71.55422    257.428     8.2376      8.118    16.6803    32.5159          6      7.890  0.000e+00
    23.6828      5.398   41.05272  -71.55422    257.431     8.2377      8.118    16.6803    32.5160          6      7.890  0.000e+00
    23.6827      5.398   41.05272  -71.55422    257.429     8.2376      8.118    16.6807    32.5159          6      7.890  0.000e+00
    23.6826      5.346   41.05272  -71.55422    257.421     8.2374      8.114    16.6808    32.5159          6      7.815  0.000e+00
    23.6823      5.353   41.05272  -71.55422    257.423     8.2374      8.118    16.6813    32.5156          6      7.824  0.000e+00
    23.6823      5.346   41.05272  -71.55422    257.410     8.2370      8.118    16.6815    32.5157          6      7.815  0.000e+00
    23.6823      5.353   41.05272  -71.55422    257.392     8.2364      8.118    16.6817    32.5157          6      7.824  0.000e+00
    23.6824      5.346   41.05272  -71.55422    257.513     8.2403      8.123    16.6817    32.5158          6      7.815  0.000e+00
    23.6822      5.308   41.05272  -71.55422    257.383     8.2361      8.114    16.6817    32.5156          6      7.758  0.000e+00
    23.6819      5.346   41.05272  -71.55422    257.512     8.2403      8.114    16.6817    32.5152          6      7.815  0.000e+00
    23.6823      5.308   41.05272  -71.55422    257.386     8.2363      8.118    16.6817    32.5157          6      7.758  0.000e+00
    23.6823      5.301   41.05272  -71.55422    257.491     8.2396      8.118    16.6820    32.5158          6      7.749  0.000e+00
    23.6822      5.301   41.05272  -71.55422    257.490     8.2396      8.118    16.6820    32.5156          6      7.749  0.000e+00
    23.6823      5.256   41.05272  -71.55422    257.484     8.2394      8.118    16.6820    32.5158          6      7.683  0.000e+00
    23.6819      5.301   41.05272  -71.55422    257.477     8.2391      8.118    16.6822    32.5153          6      7.749  0.000e+00
    23.6820      5.256   41.05272  -71.55422    257.464     8.2387      8.118    16.6820    32.5154          6      7.683  0.000e+00
    23.6821      5.301   41.05272  -71.55422    257.448     8.2382      8.118    16.6822    32.5156          6      7.749  0.000e+00
    23.6819      5.256   41.05272  -71.55422    257.428     8.2376      8.118    16.6822    32.5153          6      7.683  0.000e+00
    23.6816      5.256   41.05272  -71.55422    257.273     8.2326      8.118    16.6825    32.5150          6      7.683  0.000e+00
    23.6822      5.256   41.05272  -71.55422    257.247     8.2318      8.118    16.6824    32.5158          6      7.683  0.000e+00
    23.6818      5.256   41.05272  -71.55422    257.346     8.2349      8.118    16.6829    32.5154          6      7.683  0.000e+00
    23.6817      5.166   41.05272  -71.55422    257.324     8.2343      8.118    16.6829    32.5153          6      7.552  0.000e+00
    23.6816      5.301   41.05272  -71.55422    257.318     8.2341      8.118    16.6831    32.5152          6      7.749  0.000e+00
    23.6817      5.256   41.05272  -71.55422    257.305     8.2336      8.118    16.6831    32.5154          6      7.683  0.000e+00
    23.6816      5.211   41.05272  -71.55422    257.288     8.2331      8.118    16.6834    32.5153          6      7.617  0.000e+00
    23.6815      5.205   41.05272  -71.55422    257.271     8.2325      8.114    16.6834    32.5152          6      7.608  0.000e+00
    23.6817      5.256   41.05272  -71.55422    257.250     8.2319      8.118    16.6838    32.5155          6      7.683  0.000e+00
    23.6818      5.205   41.05272  -71.55422    257.226     8.2311      8.118    16.6838    32.5157          6      7.608  0.000e+00
    23.6818      5.211   41.05272  -71.55422    257.201     8.2303      8.118    16.6838    32.5157          6      7.617  0.000e+00
    23.6815      5.205   41.05272  -71.55422    257.186     8.2299      8.118    16.6839    32.5153          6      7.608  0.000e+00
    23.6817      5.211   41.05272  -71.55422    257.300     8.2335      8.118    16.6839    32.5155          6      7.617  0.000e+00
